source,indicator,region,product,split,period,value,status,rules
gss.cpi,Consumer Price Index,Ahafo,"Alcoholic beverages, tobacco and narcotics",All sources,2021-01,95.8,ok,
gss.cpi,Consumer Price Index,Ahafo,"Alcoholic beverages, tobacco and narcotics",All sources,2021-02,95.8,ok,
gss.cpi,Consumer Price Index,Ahafo,"Alcoholic beverages, tobacco and narcotics",All sources,2021-03,95.8,ok,
gss.cpi,Consumer Price Index,Ahafo,"Alcoholic beverages, tobacco and narcotics",All sources,2021-04,99.0,ok,
gss.cpi,Consumer Price Index,Ahafo,"Alcoholic beverages, tobacco and narcotics",All sources,2021-05,99.9,ok,
gss.cpi,Consumer Price Index,Ahafo,"Alcoholic beverages, tobacco and narcotics",All sources,2021-06,100.0,ok,
gss.cpi,Consumer Price Index,Ahafo,"Alcoholic beverages, tobacco and narcotics",All sources,2021-07,99.8,ok,
gss.cpi,Consumer Price Index,Ahafo,"Alcoholic beverages, tobacco and narcotics",All sources,2021-08,101.1,ok,
gss.cpi,Consumer Price Index,Ahafo,"Alcoholic beverages, tobacco and narcotics",All sources,2021-09,101.9,ok,
gss.cpi,Consumer Price Index,Ahafo,"Alcoholic beverages, tobacco and narcotics",All sources,2021-10,103.0,ok,
gss.cpi,Consumer Price Index,Ahafo,"Alcoholic beverages, tobacco and narcotics",All sources,2021-11,103.7,ok,
gss.cpi,Consumer Price Index,Ahafo,"Alcoholic beverages, tobacco and narcotics",All sources,2021-12,104.2,ok,
gss.cpi,Consumer Price Index,Ahafo,"Alcoholic beverages, tobacco and narcotics",All sources,2022-01,105.4,ok,
gss.cpi,Consumer Price Index,Ahafo,"Alcoholic beverages, tobacco and narcotics",All sources,2022-02,105.9,ok,
gss.cpi,Consumer Price Index,Ahafo,"Alcoholic beverages, tobacco and narcotics",All sources,2022-03,111.0,ok,
gss.cpi,Consumer Price Index,Ahafo,"Alcoholic beverages, tobacco and narcotics",All sources,2022-04,113.6,ok,
gss.cpi,Consumer Price Index,Ahafo,"Alcoholic beverages, tobacco and narcotics",All sources,2022-05,120.2,ok,
gss.cpi,Consumer Price Index,Ahafo,"Alcoholic beverages, tobacco and narcotics",All sources,2022-06,123.1,ok,
gss.cpi,Consumer Price Index,Ahafo,"Alcoholic beverages, tobacco and narcotics",All sources,2022-07,124.6,ok,
gss.cpi,Consumer Price Index,Ahafo,"Alcoholic beverages, tobacco and narcotics",All sources,2022-08,126.7,ok,
gss.cpi,Consumer Price Index,Ahafo,"Alcoholic beverages, tobacco and narcotics",All sources,2022-09,128.9,ok,
gss.cpi,Consumer Price Index,Ahafo,"Alcoholic beverages, tobacco and narcotics",All sources,2022-10,134.6,ok,
gss.cpi,Consumer Price Index,Ahafo,"Alcoholic beverages, tobacco and narcotics",All sources,2022-11,155.0,ok,
gss.cpi,Consumer Price Index,Ahafo,"Alcoholic beverages, tobacco and narcotics",All sources,2022-12,162.5,ok,
gss.cpi,Consumer Price Index,Ahafo,"Alcoholic beverages, tobacco and narcotics",All sources,2023-01,163.4,ok,
gss.cpi,Consumer Price Index,Ahafo,"Alcoholic beverages, tobacco and narcotics",All sources,2023-02,171.8,ok,
gss.cpi,Consumer Price Index,Ahafo,"Alcoholic beverages, tobacco and narcotics",All sources,2023-03,166.5,ok,
gss.cpi,Consumer Price Index,Ahafo,"Alcoholic beverages, tobacco and narcotics",All sources,2023-04,168.5,ok,
gss.cpi,Consumer Price Index,Ahafo,"Alcoholic beverages, tobacco and narcotics",All sources,2023-05,176.0,ok,
gss.cpi,Consumer Price Index,Ahafo,"Alcoholic beverages, tobacco and narcotics",All sources,2023-06,181.9,ok,
gss.cpi,Consumer Price Index,Ahafo,"Alcoholic beverages, tobacco and narcotics",All sources,2023-07,187.4,ok,
gss.cpi,Consumer Price Index,Ahafo,"Alcoholic beverages, tobacco and narcotics",All sources,2023-08,186.6,ok,
gss.cpi,Consumer Price Index,Ahafo,"Alcoholic beverages, tobacco and narcotics",All sources,2023-09,188.5,ok,
gss.cpi,Consumer Price Index,Ahafo,"Alcoholic beverages, tobacco and narcotics",All sources,2023-10,190.2,ok,
gss.cpi,Consumer Price Index,Ahafo,"Alcoholic beverages, tobacco and narcotics",All sources,2023-11,190.7,ok,
gss.cpi,Consumer Price Index,Ahafo,"Alcoholic beverages, tobacco and narcotics",All sources,2023-12,198.1,ok,
gss.cpi,Consumer Price Index,Ahafo,"Alcoholic beverages, tobacco and narcotics",All sources,2024-01,207.5,ok,
gss.cpi,Consumer Price Index,Ahafo,"Alcoholic beverages, tobacco and narcotics",All sources,2024-02,213.4,ok,
gss.cpi,Consumer Price Index,Ahafo,"Alcoholic beverages, tobacco and narcotics",All sources,2024-03,215.0,ok,
gss.cpi,Consumer Price Index,Ahafo,"Alcoholic beverages, tobacco and narcotics",All sources,2024-04,218.2,ok,
gss.cpi,Consumer Price Index,Ahafo,"Alcoholic beverages, tobacco and narcotics",All sources,2024-05,224.4,ok,
gss.cpi,Consumer Price Index,Ahafo,"Alcoholic beverages, tobacco and narcotics",All sources,2024-06,227.2,ok,
gss.cpi,Consumer Price Index,Ahafo,"Alcoholic beverages, tobacco and narcotics",All sources,2024-07,236.5,ok,
gss.cpi,Consumer Price Index,Ahafo,"Alcoholic beverages, tobacco and narcotics",All sources,2024-08,230.0,ok,
gss.cpi,Consumer Price Index,Ahafo,"Alcoholic beverages, tobacco and narcotics",All sources,2024-09,235.1,ok,
gss.cpi,Consumer Price Index,Ahafo,"Alcoholic beverages, tobacco and narcotics",All sources,2024-10,243.8,ok,
gss.cpi,Consumer Price Index,Ahafo,"Alcoholic beverages, tobacco and narcotics",All sources,2024-11,248.4,ok,
gss.cpi,Consumer Price Index,Ahafo,"Alcoholic beverages, tobacco and narcotics",All sources,2024-12,253.4,ok,
gss.cpi,Consumer Price Index,Ahafo,"Alcoholic beverages, tobacco and narcotics",All sources,2025-01,256.3,ok,
gss.cpi,Consumer Price Index,Ahafo,"Alcoholic beverages, tobacco and narcotics",All sources,2025-02,259.6,ok,
gss.cpi,Consumer Price Index,Ahafo,"Alcoholic beverages, tobacco and narcotics",All sources,2025-03,258.6,ok,
gss.cpi,Consumer Price Index,Ahafo,"Alcoholic beverages, tobacco and narcotics",All sources,2025-04,259.6,ok,
gss.cpi,Consumer Price Index,Ahafo,"Alcoholic beverages, tobacco and narcotics",All sources,2025-05,263.4,ok,
gss.cpi,Consumer Price Index,Ahafo,"Alcoholic beverages, tobacco and narcotics",All sources,2025-06,251.8,ok,
gss.cpi,Consumer Price Index,Ahafo,"Alcoholic beverages, tobacco and narcotics",All sources,2025-07,257.3,ok,
gss.cpi,Consumer Price Index,Ahafo,"Alcoholic beverages, tobacco and narcotics",All sources,2025-08,260.2,ok,
gss.cpi,Consumer Price Index,Ahafo,"Alcoholic beverages, tobacco and narcotics",All sources,2025-09,265.5,ok,
gss.cpi,Consumer Price Index,Ahafo,"Alcoholic beverages, tobacco and narcotics",All sources,2025-10,266.3,ok,
gss.cpi,Consumer Price Index,Ahafo,"Alcoholic beverages, tobacco and narcotics",All sources,2025-11,267.1,ok,
gss.cpi,Consumer Price Index,Ahafo,"Alcoholic beverages, tobacco and narcotics",All sources,2025-12,271.6,ok,
gss.cpi,Consumer Price Index,Ahafo,"Alcoholic beverages, tobacco and narcotics",All sources,2026-01,272.6,ok,
gss.cpi,Consumer Price Index,Ahafo,All products,All sources,2021-01,94.9,ok,
gss.cpi,Consumer Price Index,Ahafo,All products,All sources,2021-02,95.2,ok,
gss.cpi,Consumer Price Index,Ahafo,All products,All sources,2021-03,95.7,ok,
gss.cpi,Consumer Price Index,Ahafo,All products,All sources,2021-04,97.7,ok,
gss.cpi,Consumer Price Index,Ahafo,All products,All sources,2021-05,98.1,ok,
gss.cpi,Consumer Price Index,Ahafo,All products,All sources,2021-06,99.2,ok,
gss.cpi,Consumer Price Index,Ahafo,All products,All sources,2021-07,99.8,ok,
gss.cpi,Consumer Price Index,Ahafo,All products,All sources,2021-08,101.3,ok,
gss.cpi,Consumer Price Index,Ahafo,All products,All sources,2021-09,101.9,ok,
gss.cpi,Consumer Price Index,Ahafo,All products,All sources,2021-10,103.8,ok,
gss.cpi,Consumer Price Index,Ahafo,All products,All sources,2021-11,105.8,ok,
gss.cpi,Consumer Price Index,Ahafo,All products,All sources,2021-12,106.5,ok,
gss.cpi,Consumer Price Index,Ahafo,All products,All sources,2022-01,107.9,ok,
gss.cpi,Consumer Price Index,Ahafo,All products,All sources,2022-02,112.2,ok,
gss.cpi,Consumer Price Index,Ahafo,All products,All sources,2022-03,115.9,ok,
gss.cpi,Consumer Price Index,Ahafo,All products,All sources,2022-04,120.6,ok,
gss.cpi,Consumer Price Index,Ahafo,All products,All sources,2022-05,124.7,ok,
gss.cpi,Consumer Price Index,Ahafo,All products,All sources,2022-06,130.5,ok,
gss.cpi,Consumer Price Index,Ahafo,All products,All sources,2022-07,133.2,ok,
gss.cpi,Consumer Price Index,Ahafo,All products,All sources,2022-08,134.2,ok,
gss.cpi,Consumer Price Index,Ahafo,All products,All sources,2022-09,133.4,ok,
gss.cpi,Consumer Price Index,Ahafo,All products,All sources,2022-10,136.7,ok,
gss.cpi,Consumer Price Index,Ahafo,All products,All sources,2022-11,150.3,ok,
gss.cpi,Consumer Price Index,Ahafo,All products,All sources,2022-12,157.2,ok,
gss.cpi,Consumer Price Index,Ahafo,All products,All sources,2023-01,160.0,ok,
gss.cpi,Consumer Price Index,Ahafo,All products,All sources,2023-02,163.4,ok,
gss.cpi,Consumer Price Index,Ahafo,All products,All sources,2023-03,160.8,ok,
gss.cpi,Consumer Price Index,Ahafo,All products,All sources,2023-04,164.4,ok,
gss.cpi,Consumer Price Index,Ahafo,All products,All sources,2023-05,173.5,ok,
gss.cpi,Consumer Price Index,Ahafo,All products,All sources,2023-06,177.8,ok,
gss.cpi,Consumer Price Index,Ahafo,All products,All sources,2023-07,184.4,ok,
gss.cpi,Consumer Price Index,Ahafo,All products,All sources,2023-08,178.8,ok,
gss.cpi,Consumer Price Index,Ahafo,All products,All sources,2023-09,180.7,ok,
gss.cpi,Consumer Price Index,Ahafo,All products,All sources,2023-10,180.0,ok,
gss.cpi,Consumer Price Index,Ahafo,All products,All sources,2023-11,182.2,ok,
gss.cpi,Consumer Price Index,Ahafo,All products,All sources,2023-12,184.7,ok,
gss.cpi,Consumer Price Index,Ahafo,All products,All sources,2024-01,187.2,ok,
gss.cpi,Consumer Price Index,Ahafo,All products,All sources,2024-02,190.1,ok,
gss.cpi,Consumer Price Index,Ahafo,All products,All sources,2024-03,192.9,ok,
gss.cpi,Consumer Price Index,Ahafo,All products,All sources,2024-04,195.9,ok,
gss.cpi,Consumer Price Index,Ahafo,All products,All sources,2024-05,203.8,ok,
gss.cpi,Consumer Price Index,Ahafo,All products,All sources,2024-06,212.9,ok,
gss.cpi,Consumer Price Index,Ahafo,All products,All sources,2024-07,212.7,ok,
gss.cpi,Consumer Price Index,Ahafo,All products,All sources,2024-08,212.8,ok,
gss.cpi,Consumer Price Index,Ahafo,All products,All sources,2024-09,216.6,ok,
gss.cpi,Consumer Price Index,Ahafo,All products,All sources,2024-10,219.0,ok,
gss.cpi,Consumer Price Index,Ahafo,All products,All sources,2024-11,223.6,ok,
gss.cpi,Consumer Price Index,Ahafo,All products,All sources,2024-12,224.6,ok,
gss.cpi,Consumer Price Index,Ahafo,All products,All sources,2025-01,228.1,ok,
gss.cpi,Consumer Price Index,Ahafo,All products,All sources,2025-02,235.1,ok,
gss.cpi,Consumer Price Index,Ahafo,All products,All sources,2025-03,231.5,ok,
gss.cpi,Consumer Price Index,Ahafo,All products,All sources,2025-04,232.2,ok,
gss.cpi,Consumer Price Index,Ahafo,All products,All sources,2025-05,233.3,ok,
gss.cpi,Consumer Price Index,Ahafo,All products,All sources,2025-06,231.5,ok,
gss.cpi,Consumer Price Index,Ahafo,All products,All sources,2025-07,235.0,ok,
gss.cpi,Consumer Price Index,Ahafo,All products,All sources,2025-08,231.2,ok,
gss.cpi,Consumer Price Index,Ahafo,All products,All sources,2025-09,232.0,ok,
gss.cpi,Consumer Price Index,Ahafo,All products,All sources,2025-10,232.4,ok,
gss.cpi,Consumer Price Index,Ahafo,All products,All sources,2025-11,236.1,ok,
gss.cpi,Consumer Price Index,Ahafo,All products,All sources,2025-12,238.7,ok,
gss.cpi,Consumer Price Index,Ahafo,All products,All sources,2026-01,239.4,ok,
gss.cpi,Consumer Price Index,Ahafo,Clothing and footwear,All sources,2021-01,92.3,ok,
gss.cpi,Consumer Price Index,Ahafo,Clothing and footwear,All sources,2021-02,92.3,ok,
gss.cpi,Consumer Price Index,Ahafo,Clothing and footwear,All sources,2021-03,93.5,ok,
gss.cpi,Consumer Price Index,Ahafo,Clothing and footwear,All sources,2021-04,97.2,ok,
gss.cpi,Consumer Price Index,Ahafo,Clothing and footwear,All sources,2021-05,97.9,ok,
gss.cpi,Consumer Price Index,Ahafo,Clothing and footwear,All sources,2021-06,98.5,ok,
gss.cpi,Consumer Price Index,Ahafo,Clothing and footwear,All sources,2021-07,99.2,ok,
gss.cpi,Consumer Price Index,Ahafo,Clothing and footwear,All sources,2021-08,100.7,ok,
gss.cpi,Consumer Price Index,Ahafo,Clothing and footwear,All sources,2021-09,101.6,ok,
gss.cpi,Consumer Price Index,Ahafo,Clothing and footwear,All sources,2021-10,105.3,ok,
gss.cpi,Consumer Price Index,Ahafo,Clothing and footwear,All sources,2021-11,109.6,ok,
gss.cpi,Consumer Price Index,Ahafo,Clothing and footwear,All sources,2021-12,112.0,ok,
gss.cpi,Consumer Price Index,Ahafo,Clothing and footwear,All sources,2022-01,112.9,ok,
gss.cpi,Consumer Price Index,Ahafo,Clothing and footwear,All sources,2022-02,115.2,ok,
gss.cpi,Consumer Price Index,Ahafo,Clothing and footwear,All sources,2022-03,123.1,ok,
gss.cpi,Consumer Price Index,Ahafo,Clothing and footwear,All sources,2022-04,124.2,ok,
gss.cpi,Consumer Price Index,Ahafo,Clothing and footwear,All sources,2022-05,125.6,ok,
gss.cpi,Consumer Price Index,Ahafo,Clothing and footwear,All sources,2022-06,128.8,ok,
gss.cpi,Consumer Price Index,Ahafo,Clothing and footwear,All sources,2022-07,129.6,ok,
gss.cpi,Consumer Price Index,Ahafo,Clothing and footwear,All sources,2022-08,129.9,ok,
gss.cpi,Consumer Price Index,Ahafo,Clothing and footwear,All sources,2022-09,134.1,ok,
gss.cpi,Consumer Price Index,Ahafo,Clothing and footwear,All sources,2022-10,142.3,ok,
gss.cpi,Consumer Price Index,Ahafo,Clothing and footwear,All sources,2022-11,148.6,ok,
gss.cpi,Consumer Price Index,Ahafo,Clothing and footwear,All sources,2022-12,161.0,ok,
gss.cpi,Consumer Price Index,Ahafo,Clothing and footwear,All sources,2023-01,164.5,ok,
gss.cpi,Consumer Price Index,Ahafo,Clothing and footwear,All sources,2023-02,170.0,ok,
gss.cpi,Consumer Price Index,Ahafo,Clothing and footwear,All sources,2023-03,165.7,ok,
gss.cpi,Consumer Price Index,Ahafo,Clothing and footwear,All sources,2023-04,168.8,ok,
gss.cpi,Consumer Price Index,Ahafo,Clothing and footwear,All sources,2023-05,175.7,ok,
gss.cpi,Consumer Price Index,Ahafo,Clothing and footwear,All sources,2023-06,180.8,ok,
gss.cpi,Consumer Price Index,Ahafo,Clothing and footwear,All sources,2023-07,185.8,ok,
gss.cpi,Consumer Price Index,Ahafo,Clothing and footwear,All sources,2023-08,186.3,ok,
gss.cpi,Consumer Price Index,Ahafo,Clothing and footwear,All sources,2023-09,190.6,ok,
gss.cpi,Consumer Price Index,Ahafo,Clothing and footwear,All sources,2023-10,189.9,ok,
gss.cpi,Consumer Price Index,Ahafo,Clothing and footwear,All sources,2023-11,192.0,ok,
gss.cpi,Consumer Price Index,Ahafo,Clothing and footwear,All sources,2023-12,191.4,ok,
gss.cpi,Consumer Price Index,Ahafo,Clothing and footwear,All sources,2024-01,192.1,ok,
gss.cpi,Consumer Price Index,Ahafo,Clothing and footwear,All sources,2024-02,191.3,ok,
gss.cpi,Consumer Price Index,Ahafo,Clothing and footwear,All sources,2024-03,192.3,ok,
gss.cpi,Consumer Price Index,Ahafo,Clothing and footwear,All sources,2024-04,192.1,ok,
gss.cpi,Consumer Price Index,Ahafo,Clothing and footwear,All sources,2024-05,195.1,ok,
gss.cpi,Consumer Price Index,Ahafo,Clothing and footwear,All sources,2024-06,199.1,ok,
gss.cpi,Consumer Price Index,Ahafo,Clothing and footwear,All sources,2024-07,203.6,ok,
gss.cpi,Consumer Price Index,Ahafo,Clothing and footwear,All sources,2024-08,208.9,ok,
gss.cpi,Consumer Price Index,Ahafo,Clothing and footwear,All sources,2024-09,209.9,ok,
gss.cpi,Consumer Price Index,Ahafo,Clothing and footwear,All sources,2024-10,210.5,ok,
gss.cpi,Consumer Price Index,Ahafo,Clothing and footwear,All sources,2024-11,213.3,ok,
gss.cpi,Consumer Price Index,Ahafo,Clothing and footwear,All sources,2024-12,214.8,ok,
gss.cpi,Consumer Price Index,Ahafo,Clothing and footwear,All sources,2025-01,214.9,ok,
gss.cpi,Consumer Price Index,Ahafo,Clothing and footwear,All sources,2025-02,222.2,ok,
gss.cpi,Consumer Price Index,Ahafo,Clothing and footwear,All sources,2025-03,224.8,ok,
gss.cpi,Consumer Price Index,Ahafo,Clothing and footwear,All sources,2025-04,225.0,ok,
gss.cpi,Consumer Price Index,Ahafo,Clothing and footwear,All sources,2025-05,229.6,ok,
gss.cpi,Consumer Price Index,Ahafo,Clothing and footwear,All sources,2025-06,226.3,ok,
gss.cpi,Consumer Price Index,Ahafo,Clothing and footwear,All sources,2025-07,230.1,ok,
gss.cpi,Consumer Price Index,Ahafo,Clothing and footwear,All sources,2025-08,230.9,ok,
gss.cpi,Consumer Price Index,Ahafo,Clothing and footwear,All sources,2025-09,236.5,ok,
gss.cpi,Consumer Price Index,Ahafo,Clothing and footwear,All sources,2025-10,236.5,ok,
gss.cpi,Consumer Price Index,Ahafo,Clothing and footwear,All sources,2025-11,236.5,ok,
gss.cpi,Consumer Price Index,Ahafo,Clothing and footwear,All sources,2025-12,236.7,ok,
gss.cpi,Consumer Price Index,Ahafo,Clothing and footwear,All sources,2026-01,236.8,ok,
gss.cpi,Consumer Price Index,Ahafo,Education services,All sources,2021-01,96.6,ok,
gss.cpi,Consumer Price Index,Ahafo,Education services,All sources,2021-02,96.6,ok,
gss.cpi,Consumer Price Index,Ahafo,Education services,All sources,2021-03,96.6,ok,
gss.cpi,Consumer Price Index,Ahafo,Education services,All sources,2021-04,97.9,ok,
gss.cpi,Consumer Price Index,Ahafo,Education services,All sources,2021-05,98.3,ok,
gss.cpi,Consumer Price Index,Ahafo,Education services,All sources,2021-06,98.6,ok,
gss.cpi,Consumer Price Index,Ahafo,Education services,All sources,2021-07,99.2,ok,
gss.cpi,Consumer Price Index,Ahafo,Education services,All sources,2021-08,100.0,ok,
gss.cpi,Consumer Price Index,Ahafo,Education services,All sources,2021-09,100.6,ok,
gss.cpi,Consumer Price Index,Ahafo,Education services,All sources,2021-10,104.5,ok,
gss.cpi,Consumer Price Index,Ahafo,Education services,All sources,2021-11,105.1,ok,
gss.cpi,Consumer Price Index,Ahafo,Education services,All sources,2021-12,105.8,ok,
gss.cpi,Consumer Price Index,Ahafo,Education services,All sources,2022-01,108.7,ok,
gss.cpi,Consumer Price Index,Ahafo,Education services,All sources,2022-02,114.0,ok,
gss.cpi,Consumer Price Index,Ahafo,Education services,All sources,2022-03,111.6,ok,
gss.cpi,Consumer Price Index,Ahafo,Education services,All sources,2022-04,112.0,ok,
gss.cpi,Consumer Price Index,Ahafo,Education services,All sources,2022-05,117.0,ok,
gss.cpi,Consumer Price Index,Ahafo,Education services,All sources,2022-06,121.1,ok,
gss.cpi,Consumer Price Index,Ahafo,Education services,All sources,2022-07,121.2,ok,
gss.cpi,Consumer Price Index,Ahafo,Education services,All sources,2022-08,125.5,ok,
gss.cpi,Consumer Price Index,Ahafo,Education services,All sources,2022-09,117.1,ok,
gss.cpi,Consumer Price Index,Ahafo,Education services,All sources,2022-10,116.5,ok,
gss.cpi,Consumer Price Index,Ahafo,Education services,All sources,2022-11,116.5,ok,
gss.cpi,Consumer Price Index,Ahafo,Education services,All sources,2022-12,116.5,ok,
gss.cpi,Consumer Price Index,Ahafo,Education services,All sources,2023-01,116.5,ok,
gss.cpi,Consumer Price Index,Ahafo,Education services,All sources,2023-02,117.0,ok,
gss.cpi,Consumer Price Index,Ahafo,Education services,All sources,2023-03,115.9,ok,
gss.cpi,Consumer Price Index,Ahafo,Education services,All sources,2023-04,115.9,ok,
gss.cpi,Consumer Price Index,Ahafo,Education services,All sources,2023-05,117.0,ok,
gss.cpi,Consumer Price Index,Ahafo,Education services,All sources,2023-06,118.0,ok,
gss.cpi,Consumer Price Index,Ahafo,Education services,All sources,2023-07,119.7,ok,
gss.cpi,Consumer Price Index,Ahafo,Education services,All sources,2023-08,117.0,ok,
gss.cpi,Consumer Price Index,Ahafo,Education services,All sources,2023-09,117.0,ok,
gss.cpi,Consumer Price Index,Ahafo,Education services,All sources,2023-10,119.3,ok,
gss.cpi,Consumer Price Index,Ahafo,Education services,All sources,2023-11,122.7,ok,
gss.cpi,Consumer Price Index,Ahafo,Education services,All sources,2023-12,122.7,ok,
gss.cpi,Consumer Price Index,Ahafo,Education services,All sources,2024-01,127.7,ok,
gss.cpi,Consumer Price Index,Ahafo,Education services,All sources,2024-02,138.8,ok,
gss.cpi,Consumer Price Index,Ahafo,Education services,All sources,2024-03,139.3,ok,
gss.cpi,Consumer Price Index,Ahafo,Education services,All sources,2024-04,141.2,ok,
gss.cpi,Consumer Price Index,Ahafo,Education services,All sources,2024-05,145.0,ok,
gss.cpi,Consumer Price Index,Ahafo,Education services,All sources,2024-06,145.0,ok,
gss.cpi,Consumer Price Index,Ahafo,Education services,All sources,2024-07,145.0,ok,
gss.cpi,Consumer Price Index,Ahafo,Education services,All sources,2024-08,145.5,ok,
gss.cpi,Consumer Price Index,Ahafo,Education services,All sources,2024-09,146.0,ok,
gss.cpi,Consumer Price Index,Ahafo,Education services,All sources,2024-10,156.3,ok,
gss.cpi,Consumer Price Index,Ahafo,Education services,All sources,2024-11,160.0,ok,
gss.cpi,Consumer Price Index,Ahafo,Education services,All sources,2024-12,160.0,ok,
gss.cpi,Consumer Price Index,Ahafo,Education services,All sources,2025-01,160.0,ok,
gss.cpi,Consumer Price Index,Ahafo,Education services,All sources,2025-02,162.7,ok,
gss.cpi,Consumer Price Index,Ahafo,Education services,All sources,2025-03,165.1,ok,
gss.cpi,Consumer Price Index,Ahafo,Education services,All sources,2025-04,165.0,ok,
gss.cpi,Consumer Price Index,Ahafo,Education services,All sources,2025-05,165.8,ok,
gss.cpi,Consumer Price Index,Ahafo,Education services,All sources,2025-06,165.8,ok,
gss.cpi,Consumer Price Index,Ahafo,Education services,All sources,2025-07,165.8,ok,
gss.cpi,Consumer Price Index,Ahafo,Education services,All sources,2025-08,165.8,ok,
gss.cpi,Consumer Price Index,Ahafo,Education services,All sources,2025-09,170.1,ok,
gss.cpi,Consumer Price Index,Ahafo,Education services,All sources,2025-10,170.1,ok,
gss.cpi,Consumer Price Index,Ahafo,Education services,All sources,2025-11,170.1,ok,
gss.cpi,Consumer Price Index,Ahafo,Education services,All sources,2025-12,172.5,ok,
gss.cpi,Consumer Price Index,Ahafo,Education services,All sources,2026-01,172.5,ok,
gss.cpi,Consumer Price Index,Ahafo,Food,All sources,2021-01,96.1,ok,
gss.cpi,Consumer Price Index,Ahafo,Food,All sources,2021-02,96.4,ok,
gss.cpi,Consumer Price Index,Ahafo,Food,All sources,2021-03,96.7,ok,
gss.cpi,Consumer Price Index,Ahafo,Food,All sources,2021-04,98.3,ok,
gss.cpi,Consumer Price Index,Ahafo,Food,All sources,2021-05,98.5,ok,
gss.cpi,Consumer Price Index,Ahafo,Food,All sources,2021-06,99.3,ok,
gss.cpi,Consumer Price Index,Ahafo,Food,All sources,2021-07,99.7,ok,
gss.cpi,Consumer Price Index,Ahafo,Food,All sources,2021-08,101.3,ok,
gss.cpi,Consumer Price Index,Ahafo,Food,All sources,2021-09,100.8,ok,
gss.cpi,Consumer Price Index,Ahafo,Food,All sources,2021-10,102.7,ok,
gss.cpi,Consumer Price Index,Ahafo,Food,All sources,2021-11,104.8,ok,
gss.cpi,Consumer Price Index,Ahafo,Food,All sources,2021-12,105.4,ok,
gss.cpi,Consumer Price Index,Ahafo,Food,All sources,2022-01,107.0,ok,
gss.cpi,Consumer Price Index,Ahafo,Food,All sources,2022-02,111.2,ok,
gss.cpi,Consumer Price Index,Ahafo,Food,All sources,2022-03,112.9,ok,
gss.cpi,Consumer Price Index,Ahafo,Food,All sources,2022-04,119.1,ok,
gss.cpi,Consumer Price Index,Ahafo,Food,All sources,2022-05,122.0,ok,
gss.cpi,Consumer Price Index,Ahafo,Food,All sources,2022-06,128.5,ok,
gss.cpi,Consumer Price Index,Ahafo,Food,All sources,2022-07,131.7,ok,
gss.cpi,Consumer Price Index,Ahafo,Food,All sources,2022-08,132.0,ok,
gss.cpi,Consumer Price Index,Ahafo,Food,All sources,2022-09,130.1,ok,
gss.cpi,Consumer Price Index,Ahafo,Food,All sources,2022-10,132.7,ok,
gss.cpi,Consumer Price Index,Ahafo,Food,All sources,2022-11,146.6,ok,
gss.cpi,Consumer Price Index,Ahafo,Food,All sources,2022-12,153.6,ok,
gss.cpi,Consumer Price Index,Ahafo,Food,All sources,2023-01,158.8,ok,
gss.cpi,Consumer Price Index,Ahafo,Food,All sources,2023-02,160.8,ok,
gss.cpi,Consumer Price Index,Ahafo,Food,All sources,2023-03,158.1,ok,
gss.cpi,Consumer Price Index,Ahafo,Food,All sources,2023-04,164.1,ok,
gss.cpi,Consumer Price Index,Ahafo,Food,All sources,2023-05,176.0,ok,
gss.cpi,Consumer Price Index,Ahafo,Food,All sources,2023-06,181.0,ok,
gss.cpi,Consumer Price Index,Ahafo,Food,All sources,2023-07,189.4,ok,
gss.cpi,Consumer Price Index,Ahafo,Food,All sources,2023-08,180.7,ok,
gss.cpi,Consumer Price Index,Ahafo,Food,All sources,2023-09,182.7,ok,
gss.cpi,Consumer Price Index,Ahafo,Food,All sources,2023-10,181.3,ok,
gss.cpi,Consumer Price Index,Ahafo,Food,All sources,2023-11,183.8,ok,
gss.cpi,Consumer Price Index,Ahafo,Food,All sources,2023-12,187.2,ok,
gss.cpi,Consumer Price Index,Ahafo,Food,All sources,2024-01,189.7,ok,
gss.cpi,Consumer Price Index,Ahafo,Food,All sources,2024-02,193.0,ok,
gss.cpi,Consumer Price Index,Ahafo,Food,All sources,2024-03,197.1,ok,
gss.cpi,Consumer Price Index,Ahafo,Food,All sources,2024-04,201.4,ok,
gss.cpi,Consumer Price Index,Ahafo,Food,All sources,2024-05,209.8,ok,
gss.cpi,Consumer Price Index,Ahafo,Food,All sources,2024-06,224.5,ok,
gss.cpi,Consumer Price Index,Ahafo,Food,All sources,2024-07,220.8,ok,
gss.cpi,Consumer Price Index,Ahafo,Food,All sources,2024-08,220.2,ok,
gss.cpi,Consumer Price Index,Ahafo,Food,All sources,2024-09,225.5,ok,
gss.cpi,Consumer Price Index,Ahafo,Food,All sources,2024-10,227.4,ok,
gss.cpi,Consumer Price Index,Ahafo,Food,All sources,2024-11,233.6,ok,
gss.cpi,Consumer Price Index,Ahafo,Food,All sources,2024-12,233.3,ok,
gss.cpi,Consumer Price Index,Ahafo,Food,All sources,2025-01,238.4,ok,
gss.cpi,Consumer Price Index,Ahafo,Food,All sources,2025-02,247.6,ok,
gss.cpi,Consumer Price Index,Ahafo,Food,All sources,2025-03,240.0,ok,
gss.cpi,Consumer Price Index,Ahafo,Food,All sources,2025-04,240.4,ok,
gss.cpi,Consumer Price Index,Ahafo,Food,All sources,2025-05,240.8,ok,
gss.cpi,Consumer Price Index,Ahafo,Food,All sources,2025-06,242.8,ok,
gss.cpi,Consumer Price Index,Ahafo,Food,All sources,2025-07,247.3,ok,
gss.cpi,Consumer Price Index,Ahafo,Food,All sources,2025-08,239.0,ok,
gss.cpi,Consumer Price Index,Ahafo,Food,All sources,2025-09,237.9,ok,
gss.cpi,Consumer Price Index,Ahafo,Food,All sources,2025-10,237.8,ok,
gss.cpi,Consumer Price Index,Ahafo,Food,All sources,2025-11,243.8,ok,
gss.cpi,Consumer Price Index,Ahafo,Food,All sources,2025-12,246.4,ok,
gss.cpi,Consumer Price Index,Ahafo,Food,All sources,2026-01,247.6,ok,
gss.cpi,Consumer Price Index,Ahafo,Food and non-alcoholic beverages,All sources,2021-01,96.1,ok,
gss.cpi,Consumer Price Index,Ahafo,Food and non-alcoholic beverages,All sources,2021-02,96.4,ok,
gss.cpi,Consumer Price Index,Ahafo,Food and non-alcoholic beverages,All sources,2021-03,96.7,ok,
gss.cpi,Consumer Price Index,Ahafo,Food and non-alcoholic beverages,All sources,2021-04,98.3,ok,
gss.cpi,Consumer Price Index,Ahafo,Food and non-alcoholic beverages,All sources,2021-05,98.5,ok,
gss.cpi,Consumer Price Index,Ahafo,Food and non-alcoholic beverages,All sources,2021-06,99.3,ok,
gss.cpi,Consumer Price Index,Ahafo,Food and non-alcoholic beverages,All sources,2021-07,99.7,ok,
gss.cpi,Consumer Price Index,Ahafo,Food and non-alcoholic beverages,All sources,2021-08,101.3,ok,
gss.cpi,Consumer Price Index,Ahafo,Food and non-alcoholic beverages,All sources,2021-09,100.8,ok,
gss.cpi,Consumer Price Index,Ahafo,Food and non-alcoholic beverages,All sources,2021-10,102.7,ok,
gss.cpi,Consumer Price Index,Ahafo,Food and non-alcoholic beverages,All sources,2021-11,104.8,ok,
gss.cpi,Consumer Price Index,Ahafo,Food and non-alcoholic beverages,All sources,2021-12,105.4,ok,
gss.cpi,Consumer Price Index,Ahafo,Food and non-alcoholic beverages,All sources,2022-01,107.0,ok,
gss.cpi,Consumer Price Index,Ahafo,Food and non-alcoholic beverages,All sources,2022-02,111.2,ok,
gss.cpi,Consumer Price Index,Ahafo,Food and non-alcoholic beverages,All sources,2022-03,112.9,ok,
gss.cpi,Consumer Price Index,Ahafo,Food and non-alcoholic beverages,All sources,2022-04,119.1,ok,
gss.cpi,Consumer Price Index,Ahafo,Food and non-alcoholic beverages,All sources,2022-05,122.0,ok,
gss.cpi,Consumer Price Index,Ahafo,Food and non-alcoholic beverages,All sources,2022-06,128.5,ok,
gss.cpi,Consumer Price Index,Ahafo,Food and non-alcoholic beverages,All sources,2022-07,131.7,ok,
gss.cpi,Consumer Price Index,Ahafo,Food and non-alcoholic beverages,All sources,2022-08,132.0,ok,
gss.cpi,Consumer Price Index,Ahafo,Food and non-alcoholic beverages,All sources,2022-09,130.1,ok,
gss.cpi,Consumer Price Index,Ahafo,Food and non-alcoholic beverages,All sources,2022-10,132.7,ok,
gss.cpi,Consumer Price Index,Ahafo,Food and non-alcoholic beverages,All sources,2022-11,146.6,ok,
gss.cpi,Consumer Price Index,Ahafo,Food and non-alcoholic beverages,All sources,2022-12,153.6,ok,
gss.cpi,Consumer Price Index,Ahafo,Food and non-alcoholic beverages,All sources,2023-01,158.8,ok,
gss.cpi,Consumer Price Index,Ahafo,Food and non-alcoholic beverages,All sources,2023-02,160.8,ok,
gss.cpi,Consumer Price Index,Ahafo,Food and non-alcoholic beverages,All sources,2023-03,158.1,ok,
gss.cpi,Consumer Price Index,Ahafo,Food and non-alcoholic beverages,All sources,2023-04,164.1,ok,
gss.cpi,Consumer Price Index,Ahafo,Food and non-alcoholic beverages,All sources,2023-05,176.0,ok,
gss.cpi,Consumer Price Index,Ahafo,Food and non-alcoholic beverages,All sources,2023-06,181.0,ok,
gss.cpi,Consumer Price Index,Ahafo,Food and non-alcoholic beverages,All sources,2023-07,189.4,ok,
gss.cpi,Consumer Price Index,Ahafo,Food and non-alcoholic beverages,All sources,2023-08,180.7,ok,
gss.cpi,Consumer Price Index,Ahafo,Food and non-alcoholic beverages,All sources,2023-09,182.7,ok,
gss.cpi,Consumer Price Index,Ahafo,Food and non-alcoholic beverages,All sources,2023-10,181.3,ok,
gss.cpi,Consumer Price Index,Ahafo,Food and non-alcoholic beverages,All sources,2023-11,183.8,ok,
gss.cpi,Consumer Price Index,Ahafo,Food and non-alcoholic beverages,All sources,2023-12,187.2,ok,
gss.cpi,Consumer Price Index,Ahafo,Food and non-alcoholic beverages,All sources,2024-01,189.7,ok,
gss.cpi,Consumer Price Index,Ahafo,Food and non-alcoholic beverages,All sources,2024-02,193.0,ok,
gss.cpi,Consumer Price Index,Ahafo,Food and non-alcoholic beverages,All sources,2024-03,197.1,ok,
gss.cpi,Consumer Price Index,Ahafo,Food and non-alcoholic beverages,All sources,2024-04,201.4,ok,
gss.cpi,Consumer Price Index,Ahafo,Food and non-alcoholic beverages,All sources,2024-05,209.8,ok,
gss.cpi,Consumer Price Index,Ahafo,Food and non-alcoholic beverages,All sources,2024-06,224.5,ok,
gss.cpi,Consumer Price Index,Ahafo,Food and non-alcoholic beverages,All sources,2024-07,220.8,ok,
gss.cpi,Consumer Price Index,Ahafo,Food and non-alcoholic beverages,All sources,2024-08,220.2,ok,
gss.cpi,Consumer Price Index,Ahafo,Food and non-alcoholic beverages,All sources,2024-09,225.5,ok,
gss.cpi,Consumer Price Index,Ahafo,Food and non-alcoholic beverages,All sources,2024-10,227.4,ok,
gss.cpi,Consumer Price Index,Ahafo,Food and non-alcoholic beverages,All sources,2024-11,233.6,ok,
gss.cpi,Consumer Price Index,Ahafo,Food and non-alcoholic beverages,All sources,2024-12,233.3,ok,
gss.cpi,Consumer Price Index,Ahafo,Food and non-alcoholic beverages,All sources,2025-01,238.4,ok,
gss.cpi,Consumer Price Index,Ahafo,Food and non-alcoholic beverages,All sources,2025-02,247.6,ok,
gss.cpi,Consumer Price Index,Ahafo,Food and non-alcoholic beverages,All sources,2025-03,240.0,ok,
gss.cpi,Consumer Price Index,Ahafo,Food and non-alcoholic beverages,All sources,2025-04,240.4,ok,
gss.cpi,Consumer Price Index,Ahafo,Food and non-alcoholic beverages,All sources,2025-05,240.8,ok,
gss.cpi,Consumer Price Index,Ahafo,Food and non-alcoholic beverages,All sources,2025-06,242.8,ok,
gss.cpi,Consumer Price Index,Ahafo,Food and non-alcoholic beverages,All sources,2025-07,247.3,ok,
gss.cpi,Consumer Price Index,Ahafo,Food and non-alcoholic beverages,All sources,2025-08,239.0,ok,
gss.cpi,Consumer Price Index,Ahafo,Food and non-alcoholic beverages,All sources,2025-09,237.9,ok,
gss.cpi,Consumer Price Index,Ahafo,Food and non-alcoholic beverages,All sources,2025-10,237.8,ok,
gss.cpi,Consumer Price Index,Ahafo,Food and non-alcoholic beverages,All sources,2025-11,243.8,ok,
gss.cpi,Consumer Price Index,Ahafo,Food and non-alcoholic beverages,All sources,2025-12,246.4,ok,
gss.cpi,Consumer Price Index,Ahafo,Food and non-alcoholic beverages,All sources,2026-01,247.6,ok,
gss.cpi,Consumer Price Index,Ahafo,"Furnishings, household equipment and routine household maintenance",All sources,2021-01,88.6,ok,
gss.cpi,Consumer Price Index,Ahafo,"Furnishings, household equipment and routine household maintenance",All sources,2021-02,89.6,ok,
gss.cpi,Consumer Price Index,Ahafo,"Furnishings, household equipment and routine household maintenance",All sources,2021-03,90.7,ok,
gss.cpi,Consumer Price Index,Ahafo,"Furnishings, household equipment and routine household maintenance",All sources,2021-04,96.0,ok,
gss.cpi,Consumer Price Index,Ahafo,"Furnishings, household equipment and routine household maintenance",All sources,2021-05,97.7,ok,
gss.cpi,Consumer Price Index,Ahafo,"Furnishings, household equipment and routine household maintenance",All sources,2021-06,99.9,ok,
gss.cpi,Consumer Price Index,Ahafo,"Furnishings, household equipment and routine household maintenance",All sources,2021-07,100.9,ok,
gss.cpi,Consumer Price Index,Ahafo,"Furnishings, household equipment and routine household maintenance",All sources,2021-08,103.7,ok,
gss.cpi,Consumer Price Index,Ahafo,"Furnishings, household equipment and routine household maintenance",All sources,2021-09,106.7,ok,
gss.cpi,Consumer Price Index,Ahafo,"Furnishings, household equipment and routine household maintenance",All sources,2021-10,107.4,ok,
gss.cpi,Consumer Price Index,Ahafo,"Furnishings, household equipment and routine household maintenance",All sources,2021-11,109.1,ok,
gss.cpi,Consumer Price Index,Ahafo,"Furnishings, household equipment and routine household maintenance",All sources,2021-12,109.7,ok,
gss.cpi,Consumer Price Index,Ahafo,"Furnishings, household equipment and routine household maintenance",All sources,2022-01,110.3,ok,
gss.cpi,Consumer Price Index,Ahafo,"Furnishings, household equipment and routine household maintenance",All sources,2022-02,113.4,ok,
gss.cpi,Consumer Price Index,Ahafo,"Furnishings, household equipment and routine household maintenance",All sources,2022-03,122.4,ok,
gss.cpi,Consumer Price Index,Ahafo,"Furnishings, household equipment and routine household maintenance",All sources,2022-04,126.2,ok,
gss.cpi,Consumer Price Index,Ahafo,"Furnishings, household equipment and routine household maintenance",All sources,2022-05,130.4,ok,
gss.cpi,Consumer Price Index,Ahafo,"Furnishings, household equipment and routine household maintenance",All sources,2022-06,136.4,ok,
gss.cpi,Consumer Price Index,Ahafo,"Furnishings, household equipment and routine household maintenance",All sources,2022-07,140.0,ok,
gss.cpi,Consumer Price Index,Ahafo,"Furnishings, household equipment and routine household maintenance",All sources,2022-08,143.3,ok,
gss.cpi,Consumer Price Index,Ahafo,"Furnishings, household equipment and routine household maintenance",All sources,2022-09,145.6,ok,
gss.cpi,Consumer Price Index,Ahafo,"Furnishings, household equipment and routine household maintenance",All sources,2022-10,152.3,ok,
gss.cpi,Consumer Price Index,Ahafo,"Furnishings, household equipment and routine household maintenance",All sources,2022-11,171.9,ok,
gss.cpi,Consumer Price Index,Ahafo,"Furnishings, household equipment and routine household maintenance",All sources,2022-12,182.6,ok,
gss.cpi,Consumer Price Index,Ahafo,"Furnishings, household equipment and routine household maintenance",All sources,2023-01,186.3,ok,
gss.cpi,Consumer Price Index,Ahafo,"Furnishings, household equipment and routine household maintenance",All sources,2023-02,193.4,ok,
gss.cpi,Consumer Price Index,Ahafo,"Furnishings, household equipment and routine household maintenance",All sources,2023-03,190.4,ok,
gss.cpi,Consumer Price Index,Ahafo,"Furnishings, household equipment and routine household maintenance",All sources,2023-04,191.8,ok,
gss.cpi,Consumer Price Index,Ahafo,"Furnishings, household equipment and routine household maintenance",All sources,2023-05,206.0,ok,
gss.cpi,Consumer Price Index,Ahafo,"Furnishings, household equipment and routine household maintenance",All sources,2023-06,210.4,ok,
gss.cpi,Consumer Price Index,Ahafo,"Furnishings, household equipment and routine household maintenance",All sources,2023-07,219.9,ok,
gss.cpi,Consumer Price Index,Ahafo,"Furnishings, household equipment and routine household maintenance",All sources,2023-08,212.7,ok,
gss.cpi,Consumer Price Index,Ahafo,"Furnishings, household equipment and routine household maintenance",All sources,2023-09,215.9,ok,
gss.cpi,Consumer Price Index,Ahafo,"Furnishings, household equipment and routine household maintenance",All sources,2023-10,214.4,ok,
gss.cpi,Consumer Price Index,Ahafo,"Furnishings, household equipment and routine household maintenance",All sources,2023-11,215.7,ok,
gss.cpi,Consumer Price Index,Ahafo,"Furnishings, household equipment and routine household maintenance",All sources,2023-12,217.8,ok,
gss.cpi,Consumer Price Index,Ahafo,"Furnishings, household equipment and routine household maintenance",All sources,2024-01,224.6,ok,
gss.cpi,Consumer Price Index,Ahafo,"Furnishings, household equipment and routine household maintenance",All sources,2024-02,225.6,ok,
gss.cpi,Consumer Price Index,Ahafo,"Furnishings, household equipment and routine household maintenance",All sources,2024-03,226.7,ok,
gss.cpi,Consumer Price Index,Ahafo,"Furnishings, household equipment and routine household maintenance",All sources,2024-04,227.3,ok,
gss.cpi,Consumer Price Index,Ahafo,"Furnishings, household equipment and routine household maintenance",All sources,2024-05,229.6,ok,
gss.cpi,Consumer Price Index,Ahafo,"Furnishings, household equipment and routine household maintenance",All sources,2024-06,232.3,ok,
gss.cpi,Consumer Price Index,Ahafo,"Furnishings, household equipment and routine household maintenance",All sources,2024-07,237.0,ok,
gss.cpi,Consumer Price Index,Ahafo,"Furnishings, household equipment and routine household maintenance",All sources,2024-08,236.8,ok,
gss.cpi,Consumer Price Index,Ahafo,"Furnishings, household equipment and routine household maintenance",All sources,2024-09,239.9,ok,
gss.cpi,Consumer Price Index,Ahafo,"Furnishings, household equipment and routine household maintenance",All sources,2024-10,248.7,ok,
gss.cpi,Consumer Price Index,Ahafo,"Furnishings, household equipment and routine household maintenance",All sources,2024-11,252.5,ok,
gss.cpi,Consumer Price Index,Ahafo,"Furnishings, household equipment and routine household maintenance",All sources,2024-12,256.9,ok,
gss.cpi,Consumer Price Index,Ahafo,"Furnishings, household equipment and routine household maintenance",All sources,2025-01,263.1,ok,
gss.cpi,Consumer Price Index,Ahafo,"Furnishings, household equipment and routine household maintenance",All sources,2025-02,267.4,ok,
gss.cpi,Consumer Price Index,Ahafo,"Furnishings, household equipment and routine household maintenance",All sources,2025-03,269.8,ok,
gss.cpi,Consumer Price Index,Ahafo,"Furnishings, household equipment and routine household maintenance",All sources,2025-04,274.0,ok,
gss.cpi,Consumer Price Index,Ahafo,"Furnishings, household equipment and routine household maintenance",All sources,2025-05,279.5,ok,
gss.cpi,Consumer Price Index,Ahafo,"Furnishings, household equipment and routine household maintenance",All sources,2025-06,277.3,ok,
gss.cpi,Consumer Price Index,Ahafo,"Furnishings, household equipment and routine household maintenance",All sources,2025-07,282.1,ok,
gss.cpi,Consumer Price Index,Ahafo,"Furnishings, household equipment and routine household maintenance",All sources,2025-08,285.7,ok,
gss.cpi,Consumer Price Index,Ahafo,"Furnishings, household equipment and routine household maintenance",All sources,2025-09,285.6,ok,
gss.cpi,Consumer Price Index,Ahafo,"Furnishings, household equipment and routine household maintenance",All sources,2025-10,290.8,ok,
gss.cpi,Consumer Price Index,Ahafo,"Furnishings, household equipment and routine household maintenance",All sources,2025-11,292.4,ok,
gss.cpi,Consumer Price Index,Ahafo,"Furnishings, household equipment and routine household maintenance",All sources,2025-12,293.5,ok,
gss.cpi,Consumer Price Index,Ahafo,"Furnishings, household equipment and routine household maintenance",All sources,2026-01,294.8,ok,
gss.cpi,Consumer Price Index,Ahafo,Health,All sources,2021-01,91.1,ok,
gss.cpi,Consumer Price Index,Ahafo,Health,All sources,2021-02,92.0,ok,
gss.cpi,Consumer Price Index,Ahafo,Health,All sources,2021-03,92.6,ok,
gss.cpi,Consumer Price Index,Ahafo,Health,All sources,2021-04,98.7,ok,
gss.cpi,Consumer Price Index,Ahafo,Health,All sources,2021-05,100.1,ok,
gss.cpi,Consumer Price Index,Ahafo,Health,All sources,2021-06,100.5,ok,
gss.cpi,Consumer Price Index,Ahafo,Health,All sources,2021-07,101.1,ok,
gss.cpi,Consumer Price Index,Ahafo,Health,All sources,2021-08,101.2,ok,
gss.cpi,Consumer Price Index,Ahafo,Health,All sources,2021-09,103.4,ok,
gss.cpi,Consumer Price Index,Ahafo,Health,All sources,2021-10,106.1,ok,
gss.cpi,Consumer Price Index,Ahafo,Health,All sources,2021-11,106.4,ok,
gss.cpi,Consumer Price Index,Ahafo,Health,All sources,2021-12,106.7,ok,
gss.cpi,Consumer Price Index,Ahafo,Health,All sources,2022-01,106.7,ok,
gss.cpi,Consumer Price Index,Ahafo,Health,All sources,2022-02,107.7,ok,
gss.cpi,Consumer Price Index,Ahafo,Health,All sources,2022-03,111.7,ok,
gss.cpi,Consumer Price Index,Ahafo,Health,All sources,2022-04,117.0,ok,
gss.cpi,Consumer Price Index,Ahafo,Health,All sources,2022-05,122.1,ok,
gss.cpi,Consumer Price Index,Ahafo,Health,All sources,2022-06,126.5,ok,
gss.cpi,Consumer Price Index,Ahafo,Health,All sources,2022-07,126.8,ok,
gss.cpi,Consumer Price Index,Ahafo,Health,All sources,2022-08,127.2,ok,
gss.cpi,Consumer Price Index,Ahafo,Health,All sources,2022-09,128.7,ok,
gss.cpi,Consumer Price Index,Ahafo,Health,All sources,2022-10,130.0,ok,
gss.cpi,Consumer Price Index,Ahafo,Health,All sources,2022-11,140.1,ok,
gss.cpi,Consumer Price Index,Ahafo,Health,All sources,2022-12,144.5,ok,
gss.cpi,Consumer Price Index,Ahafo,Health,All sources,2023-01,146.2,ok,
gss.cpi,Consumer Price Index,Ahafo,Health,All sources,2023-02,142.7,ok,
gss.cpi,Consumer Price Index,Ahafo,Health,All sources,2023-03,138.4,ok,
gss.cpi,Consumer Price Index,Ahafo,Health,All sources,2023-04,142.0,ok,
gss.cpi,Consumer Price Index,Ahafo,Health,All sources,2023-05,146.7,ok,
gss.cpi,Consumer Price Index,Ahafo,Health,All sources,2023-06,150.3,ok,
gss.cpi,Consumer Price Index,Ahafo,Health,All sources,2023-07,157.3,ok,
gss.cpi,Consumer Price Index,Ahafo,Health,All sources,2023-08,156.4,ok,
gss.cpi,Consumer Price Index,Ahafo,Health,All sources,2023-09,156.1,ok,
gss.cpi,Consumer Price Index,Ahafo,Health,All sources,2023-10,155.2,ok,
gss.cpi,Consumer Price Index,Ahafo,Health,All sources,2023-11,157.0,ok,
gss.cpi,Consumer Price Index,Ahafo,Health,All sources,2023-12,161.8,ok,
gss.cpi,Consumer Price Index,Ahafo,Health,All sources,2024-01,165.9,ok,
gss.cpi,Consumer Price Index,Ahafo,Health,All sources,2024-02,167.2,ok,
gss.cpi,Consumer Price Index,Ahafo,Health,All sources,2024-03,166.3,ok,
gss.cpi,Consumer Price Index,Ahafo,Health,All sources,2024-04,166.9,ok,
gss.cpi,Consumer Price Index,Ahafo,Health,All sources,2024-05,169.5,ok,
gss.cpi,Consumer Price Index,Ahafo,Health,All sources,2024-06,169.8,ok,
gss.cpi,Consumer Price Index,Ahafo,Health,All sources,2024-07,174.7,ok,
gss.cpi,Consumer Price Index,Ahafo,Health,All sources,2024-08,175.2,ok,
gss.cpi,Consumer Price Index,Ahafo,Health,All sources,2024-09,179.5,ok,
gss.cpi,Consumer Price Index,Ahafo,Health,All sources,2024-10,181.5,ok,
gss.cpi,Consumer Price Index,Ahafo,Health,All sources,2024-11,181.6,ok,
gss.cpi,Consumer Price Index,Ahafo,Health,All sources,2024-12,184.3,ok,
gss.cpi,Consumer Price Index,Ahafo,Health,All sources,2025-01,185.6,ok,
gss.cpi,Consumer Price Index,Ahafo,Health,All sources,2025-02,188.6,ok,
gss.cpi,Consumer Price Index,Ahafo,Health,All sources,2025-03,187.9,ok,
gss.cpi,Consumer Price Index,Ahafo,Health,All sources,2025-04,188.9,ok,
gss.cpi,Consumer Price Index,Ahafo,Health,All sources,2025-05,188.8,ok,
gss.cpi,Consumer Price Index,Ahafo,Health,All sources,2025-06,186.7,ok,
gss.cpi,Consumer Price Index,Ahafo,Health,All sources,2025-07,187.5,ok,
gss.cpi,Consumer Price Index,Ahafo,Health,All sources,2025-08,189.2,ok,
gss.cpi,Consumer Price Index,Ahafo,Health,All sources,2025-09,191.5,ok,
gss.cpi,Consumer Price Index,Ahafo,Health,All sources,2025-10,191.5,ok,
gss.cpi,Consumer Price Index,Ahafo,Health,All sources,2025-11,192.5,ok,
gss.cpi,Consumer Price Index,Ahafo,Health,All sources,2025-12,197.0,ok,
gss.cpi,Consumer Price Index,Ahafo,Health,All sources,2026-01,196.7,ok,
gss.cpi,Consumer Price Index,Ahafo,"Housing, water, electricity, gas and other fuels",All sources,2021-01,94.0,ok,
gss.cpi,Consumer Price Index,Ahafo,"Housing, water, electricity, gas and other fuels",All sources,2021-02,94.1,ok,
gss.cpi,Consumer Price Index,Ahafo,"Housing, water, electricity, gas and other fuels",All sources,2021-03,95.4,ok,
gss.cpi,Consumer Price Index,Ahafo,"Housing, water, electricity, gas and other fuels",All sources,2021-04,97.7,ok,
gss.cpi,Consumer Price Index,Ahafo,"Housing, water, electricity, gas and other fuels",All sources,2021-05,98.0,ok,
gss.cpi,Consumer Price Index,Ahafo,"Housing, water, electricity, gas and other fuels",All sources,2021-06,98.5,ok,
gss.cpi,Consumer Price Index,Ahafo,"Housing, water, electricity, gas and other fuels",All sources,2021-07,98.6,ok,
gss.cpi,Consumer Price Index,Ahafo,"Housing, water, electricity, gas and other fuels",All sources,2021-08,101.4,ok,
gss.cpi,Consumer Price Index,Ahafo,"Housing, water, electricity, gas and other fuels",All sources,2021-09,102.7,ok,
gss.cpi,Consumer Price Index,Ahafo,"Housing, water, electricity, gas and other fuels",All sources,2021-10,104.1,ok,
gss.cpi,Consumer Price Index,Ahafo,"Housing, water, electricity, gas and other fuels",All sources,2021-11,107.3,ok,
gss.cpi,Consumer Price Index,Ahafo,"Housing, water, electricity, gas and other fuels",All sources,2021-12,108.4,ok,
gss.cpi,Consumer Price Index,Ahafo,"Housing, water, electricity, gas and other fuels",All sources,2022-01,109.4,ok,
gss.cpi,Consumer Price Index,Ahafo,"Housing, water, electricity, gas and other fuels",All sources,2022-02,110.3,ok,
gss.cpi,Consumer Price Index,Ahafo,"Housing, water, electricity, gas and other fuels",All sources,2022-03,117.1,ok,
gss.cpi,Consumer Price Index,Ahafo,"Housing, water, electricity, gas and other fuels",All sources,2022-04,122.8,ok,
gss.cpi,Consumer Price Index,Ahafo,"Housing, water, electricity, gas and other fuels",All sources,2022-05,128.0,ok,
gss.cpi,Consumer Price Index,Ahafo,"Housing, water, electricity, gas and other fuels",All sources,2022-06,136.4,ok,
gss.cpi,Consumer Price Index,Ahafo,"Housing, water, electricity, gas and other fuels",All sources,2022-07,137.9,ok,
gss.cpi,Consumer Price Index,Ahafo,"Housing, water, electricity, gas and other fuels",All sources,2022-08,139.0,ok,
gss.cpi,Consumer Price Index,Ahafo,"Housing, water, electricity, gas and other fuels",All sources,2022-09,140.1,ok,
gss.cpi,Consumer Price Index,Ahafo,"Housing, water, electricity, gas and other fuels",All sources,2022-10,149.1,ok,
gss.cpi,Consumer Price Index,Ahafo,"Housing, water, electricity, gas and other fuels",All sources,2022-11,160.5,ok,
gss.cpi,Consumer Price Index,Ahafo,"Housing, water, electricity, gas and other fuels",All sources,2022-12,169.2,ok,
gss.cpi,Consumer Price Index,Ahafo,"Housing, water, electricity, gas and other fuels",All sources,2023-01,171.0,ok,
gss.cpi,Consumer Price Index,Ahafo,"Housing, water, electricity, gas and other fuels",All sources,2023-02,177.6,ok,
gss.cpi,Consumer Price Index,Ahafo,"Housing, water, electricity, gas and other fuels",All sources,2023-03,175.5,ok,
gss.cpi,Consumer Price Index,Ahafo,"Housing, water, electricity, gas and other fuels",All sources,2023-04,178.5,ok,
gss.cpi,Consumer Price Index,Ahafo,"Housing, water, electricity, gas and other fuels",All sources,2023-05,181.1,ok,
gss.cpi,Consumer Price Index,Ahafo,"Housing, water, electricity, gas and other fuels",All sources,2023-06,184.0,ok,
gss.cpi,Consumer Price Index,Ahafo,"Housing, water, electricity, gas and other fuels",All sources,2023-07,186.8,ok,
gss.cpi,Consumer Price Index,Ahafo,"Housing, water, electricity, gas and other fuels",All sources,2023-08,182.8,ok,
gss.cpi,Consumer Price Index,Ahafo,"Housing, water, electricity, gas and other fuels",All sources,2023-09,181.9,ok,
gss.cpi,Consumer Price Index,Ahafo,"Housing, water, electricity, gas and other fuels",All sources,2023-10,180.2,ok,
gss.cpi,Consumer Price Index,Ahafo,"Housing, water, electricity, gas and other fuels",All sources,2023-11,180.8,ok,
gss.cpi,Consumer Price Index,Ahafo,"Housing, water, electricity, gas and other fuels",All sources,2023-12,182.4,ok,
gss.cpi,Consumer Price Index,Ahafo,"Housing, water, electricity, gas and other fuels",All sources,2024-01,182.5,ok,
gss.cpi,Consumer Price Index,Ahafo,"Housing, water, electricity, gas and other fuels",All sources,2024-02,182.0,ok,
gss.cpi,Consumer Price Index,Ahafo,"Housing, water, electricity, gas and other fuels",All sources,2024-03,180.9,ok,
gss.cpi,Consumer Price Index,Ahafo,"Housing, water, electricity, gas and other fuels",All sources,2024-04,184.7,ok,
gss.cpi,Consumer Price Index,Ahafo,"Housing, water, electricity, gas and other fuels",All sources,2024-05,184.3,ok,
gss.cpi,Consumer Price Index,Ahafo,"Housing, water, electricity, gas and other fuels",All sources,2024-06,188.0,ok,
gss.cpi,Consumer Price Index,Ahafo,"Housing, water, electricity, gas and other fuels",All sources,2024-07,188.4,ok,
gss.cpi,Consumer Price Index,Ahafo,"Housing, water, electricity, gas and other fuels",All sources,2024-08,190.4,ok,
gss.cpi,Consumer Price Index,Ahafo,"Housing, water, electricity, gas and other fuels",All sources,2024-09,193.9,ok,
gss.cpi,Consumer Price Index,Ahafo,"Housing, water, electricity, gas and other fuels",All sources,2024-10,196.5,ok,
gss.cpi,Consumer Price Index,Ahafo,"Housing, water, electricity, gas and other fuels",All sources,2024-11,198.9,ok,
gss.cpi,Consumer Price Index,Ahafo,"Housing, water, electricity, gas and other fuels",All sources,2024-12,201.3,ok,
gss.cpi,Consumer Price Index,Ahafo,"Housing, water, electricity, gas and other fuels",All sources,2025-01,203.3,ok,
gss.cpi,Consumer Price Index,Ahafo,"Housing, water, electricity, gas and other fuels",All sources,2025-02,207.8,ok,
gss.cpi,Consumer Price Index,Ahafo,"Housing, water, electricity, gas and other fuels",All sources,2025-03,209.5,ok,
gss.cpi,Consumer Price Index,Ahafo,"Housing, water, electricity, gas and other fuels",All sources,2025-04,212.8,ok,
gss.cpi,Consumer Price Index,Ahafo,"Housing, water, electricity, gas and other fuels",All sources,2025-05,214.3,ok,
gss.cpi,Consumer Price Index,Ahafo,"Housing, water, electricity, gas and other fuels",All sources,2025-06,215.4,ok,
gss.cpi,Consumer Price Index,Ahafo,"Housing, water, electricity, gas and other fuels",All sources,2025-07,216.7,ok,
gss.cpi,Consumer Price Index,Ahafo,"Housing, water, electricity, gas and other fuels",All sources,2025-08,214.8,ok,
gss.cpi,Consumer Price Index,Ahafo,"Housing, water, electricity, gas and other fuels",All sources,2025-09,218.5,ok,
gss.cpi,Consumer Price Index,Ahafo,"Housing, water, electricity, gas and other fuels",All sources,2025-10,218.4,ok,
gss.cpi,Consumer Price Index,Ahafo,"Housing, water, electricity, gas and other fuels",All sources,2025-11,218.5,ok,
gss.cpi,Consumer Price Index,Ahafo,"Housing, water, electricity, gas and other fuels",All sources,2025-12,233.4,ok,
gss.cpi,Consumer Price Index,Ahafo,"Housing, water, electricity, gas and other fuels",All sources,2026-01,237.3,ok,
gss.cpi,Consumer Price Index,Ahafo,Information and communication,All sources,2021-01,97.2,ok,
gss.cpi,Consumer Price Index,Ahafo,Information and communication,All sources,2021-02,97.2,ok,
gss.cpi,Consumer Price Index,Ahafo,Information and communication,All sources,2021-03,98.3,ok,
gss.cpi,Consumer Price Index,Ahafo,Information and communication,All sources,2021-04,99.6,ok,
gss.cpi,Consumer Price Index,Ahafo,Information and communication,All sources,2021-05,99.6,ok,
gss.cpi,Consumer Price Index,Ahafo,Information and communication,All sources,2021-06,99.7,ok,
gss.cpi,Consumer Price Index,Ahafo,Information and communication,All sources,2021-07,99.8,ok,
gss.cpi,Consumer Price Index,Ahafo,Information and communication,All sources,2021-08,99.8,ok,
gss.cpi,Consumer Price Index,Ahafo,Information and communication,All sources,2021-09,102.0,ok,
gss.cpi,Consumer Price Index,Ahafo,Information and communication,All sources,2021-10,102.0,ok,
gss.cpi,Consumer Price Index,Ahafo,Information and communication,All sources,2021-11,102.4,ok,
gss.cpi,Consumer Price Index,Ahafo,Information and communication,All sources,2021-12,102.4,ok,
gss.cpi,Consumer Price Index,Ahafo,Information and communication,All sources,2022-01,102.6,ok,
gss.cpi,Consumer Price Index,Ahafo,Information and communication,All sources,2022-02,109.8,ok,
gss.cpi,Consumer Price Index,Ahafo,Information and communication,All sources,2022-03,112.0,ok,
gss.cpi,Consumer Price Index,Ahafo,Information and communication,All sources,2022-04,112.1,ok,
gss.cpi,Consumer Price Index,Ahafo,Information and communication,All sources,2022-05,117.8,ok,
gss.cpi,Consumer Price Index,Ahafo,Information and communication,All sources,2022-06,121.2,ok,
gss.cpi,Consumer Price Index,Ahafo,Information and communication,All sources,2022-07,121.4,ok,
gss.cpi,Consumer Price Index,Ahafo,Information and communication,All sources,2022-08,121.9,ok,
gss.cpi,Consumer Price Index,Ahafo,Information and communication,All sources,2022-09,122.5,ok,
gss.cpi,Consumer Price Index,Ahafo,Information and communication,All sources,2022-10,123.0,ok,
gss.cpi,Consumer Price Index,Ahafo,Information and communication,All sources,2022-11,126.7,ok,
gss.cpi,Consumer Price Index,Ahafo,Information and communication,All sources,2022-12,128.2,ok,
gss.cpi,Consumer Price Index,Ahafo,Information and communication,All sources,2023-01,128.9,ok,
gss.cpi,Consumer Price Index,Ahafo,Information and communication,All sources,2023-02,129.6,ok,
gss.cpi,Consumer Price Index,Ahafo,Information and communication,All sources,2023-03,129.9,ok,
gss.cpi,Consumer Price Index,Ahafo,Information and communication,All sources,2023-04,130.5,ok,
gss.cpi,Consumer Price Index,Ahafo,Information and communication,All sources,2023-05,132.2,ok,
gss.cpi,Consumer Price Index,Ahafo,Information and communication,All sources,2023-06,132.9,ok,
gss.cpi,Consumer Price Index,Ahafo,Information and communication,All sources,2023-07,133.0,ok,
gss.cpi,Consumer Price Index,Ahafo,Information and communication,All sources,2023-08,134.3,ok,
gss.cpi,Consumer Price Index,Ahafo,Information and communication,All sources,2023-09,136.6,ok,
gss.cpi,Consumer Price Index,Ahafo,Information and communication,All sources,2023-10,136.7,ok,
gss.cpi,Consumer Price Index,Ahafo,Information and communication,All sources,2023-11,136.7,ok,
gss.cpi,Consumer Price Index,Ahafo,Information and communication,All sources,2023-12,135.9,ok,
gss.cpi,Consumer Price Index,Ahafo,Information and communication,All sources,2024-01,136.8,ok,
gss.cpi,Consumer Price Index,Ahafo,Information and communication,All sources,2024-02,136.0,ok,
gss.cpi,Consumer Price Index,Ahafo,Information and communication,All sources,2024-03,135.9,ok,
gss.cpi,Consumer Price Index,Ahafo,Information and communication,All sources,2024-04,136.0,ok,
gss.cpi,Consumer Price Index,Ahafo,Information and communication,All sources,2024-05,136.0,ok,
gss.cpi,Consumer Price Index,Ahafo,Information and communication,All sources,2024-06,136.1,ok,
gss.cpi,Consumer Price Index,Ahafo,Information and communication,All sources,2024-07,152.3,ok,
gss.cpi,Consumer Price Index,Ahafo,Information and communication,All sources,2024-08,150.9,ok,
gss.cpi,Consumer Price Index,Ahafo,Information and communication,All sources,2024-09,152.9,ok,
gss.cpi,Consumer Price Index,Ahafo,Information and communication,All sources,2024-10,138.9,ok,
gss.cpi,Consumer Price Index,Ahafo,Information and communication,All sources,2024-11,139.0,ok,
gss.cpi,Consumer Price Index,Ahafo,Information and communication,All sources,2024-12,145.4,ok,
gss.cpi,Consumer Price Index,Ahafo,Information and communication,All sources,2025-01,145.4,ok,
gss.cpi,Consumer Price Index,Ahafo,Information and communication,All sources,2025-02,145.9,ok,
gss.cpi,Consumer Price Index,Ahafo,Information and communication,All sources,2025-03,147.5,ok,
gss.cpi,Consumer Price Index,Ahafo,Information and communication,All sources,2025-04,149.9,ok,
gss.cpi,Consumer Price Index,Ahafo,Information and communication,All sources,2025-05,150.8,ok,
gss.cpi,Consumer Price Index,Ahafo,Information and communication,All sources,2025-06,150.7,ok,
gss.cpi,Consumer Price Index,Ahafo,Information and communication,All sources,2025-07,156.6,ok,
gss.cpi,Consumer Price Index,Ahafo,Information and communication,All sources,2025-08,156.6,ok,
gss.cpi,Consumer Price Index,Ahafo,Information and communication,All sources,2025-09,156.6,ok,
gss.cpi,Consumer Price Index,Ahafo,Information and communication,All sources,2025-10,156.6,ok,
gss.cpi,Consumer Price Index,Ahafo,Information and communication,All sources,2025-11,156.6,ok,
gss.cpi,Consumer Price Index,Ahafo,Information and communication,All sources,2025-12,156.8,ok,
gss.cpi,Consumer Price Index,Ahafo,Information and communication,All sources,2026-01,156.8,ok,
gss.cpi,Consumer Price Index,Ahafo,Insurance and financial services,All sources,2021-01,99.9,ok,
gss.cpi,Consumer Price Index,Ahafo,Insurance and financial services,All sources,2021-02,99.9,ok,
gss.cpi,Consumer Price Index,Ahafo,Insurance and financial services,All sources,2021-03,99.9,ok,
gss.cpi,Consumer Price Index,Ahafo,Insurance and financial services,All sources,2021-04,99.9,ok,
gss.cpi,Consumer Price Index,Ahafo,Insurance and financial services,All sources,2021-05,99.9,ok,
gss.cpi,Consumer Price Index,Ahafo,Insurance and financial services,All sources,2021-06,99.9,ok,
gss.cpi,Consumer Price Index,Ahafo,Insurance and financial services,All sources,2021-07,100.1,ok,
gss.cpi,Consumer Price Index,Ahafo,Insurance and financial services,All sources,2021-08,100.1,ok,
gss.cpi,Consumer Price Index,Ahafo,Insurance and financial services,All sources,2021-09,100.1,ok,
gss.cpi,Consumer Price Index,Ahafo,Insurance and financial services,All sources,2021-10,100.1,ok,
gss.cpi,Consumer Price Index,Ahafo,Insurance and financial services,All sources,2021-11,100.1,ok,
gss.cpi,Consumer Price Index,Ahafo,Insurance and financial services,All sources,2021-12,100.1,ok,
gss.cpi,Consumer Price Index,Ahafo,Insurance and financial services,All sources,2022-01,100.1,ok,
gss.cpi,Consumer Price Index,Ahafo,Insurance and financial services,All sources,2022-02,100.1,ok,
gss.cpi,Consumer Price Index,Ahafo,Insurance and financial services,All sources,2022-03,100.1,ok,
gss.cpi,Consumer Price Index,Ahafo,Insurance and financial services,All sources,2022-04,100.1,ok,
gss.cpi,Consumer Price Index,Ahafo,Insurance and financial services,All sources,2022-05,100.1,ok,
gss.cpi,Consumer Price Index,Ahafo,Insurance and financial services,All sources,2022-06,100.1,ok,
gss.cpi,Consumer Price Index,Ahafo,Insurance and financial services,All sources,2022-07,100.1,ok,
gss.cpi,Consumer Price Index,Ahafo,Insurance and financial services,All sources,2022-08,100.1,ok,
gss.cpi,Consumer Price Index,Ahafo,Insurance and financial services,All sources,2022-09,100.1,ok,
gss.cpi,Consumer Price Index,Ahafo,Insurance and financial services,All sources,2022-10,107.3,ok,
gss.cpi,Consumer Price Index,Ahafo,Insurance and financial services,All sources,2022-11,107.3,ok,
gss.cpi,Consumer Price Index,Ahafo,Insurance and financial services,All sources,2022-12,100.1,ok,
gss.cpi,Consumer Price Index,Ahafo,Insurance and financial services,All sources,2023-01,100.0,ok,
gss.cpi,Consumer Price Index,Ahafo,Insurance and financial services,All sources,2023-02,100.1,ok,
gss.cpi,Consumer Price Index,Ahafo,Insurance and financial services,All sources,2023-03,100.7,ok,
gss.cpi,Consumer Price Index,Ahafo,Insurance and financial services,All sources,2023-04,100.7,ok,
gss.cpi,Consumer Price Index,Ahafo,Insurance and financial services,All sources,2023-05,100.8,ok,
gss.cpi,Consumer Price Index,Ahafo,Insurance and financial services,All sources,2023-06,100.9,ok,
gss.cpi,Consumer Price Index,Ahafo,Insurance and financial services,All sources,2023-07,101.0,ok,
gss.cpi,Consumer Price Index,Ahafo,Insurance and financial services,All sources,2023-08,108.2,ok,
gss.cpi,Consumer Price Index,Ahafo,Insurance and financial services,All sources,2023-09,108.2,ok,
gss.cpi,Consumer Price Index,Ahafo,Insurance and financial services,All sources,2023-10,107.6,ok,
gss.cpi,Consumer Price Index,Ahafo,Insurance and financial services,All sources,2023-11,107.6,ok,
gss.cpi,Consumer Price Index,Ahafo,Insurance and financial services,All sources,2023-12,100.9,ok,
gss.cpi,Consumer Price Index,Ahafo,Insurance and financial services,All sources,2024-01,101.4,ok,
gss.cpi,Consumer Price Index,Ahafo,Insurance and financial services,All sources,2024-02,101.5,ok,
gss.cpi,Consumer Price Index,Ahafo,Insurance and financial services,All sources,2024-03,101.5,ok,
gss.cpi,Consumer Price Index,Ahafo,Insurance and financial services,All sources,2024-04,108.2,ok,
gss.cpi,Consumer Price Index,Ahafo,Insurance and financial services,All sources,2024-05,109.4,ok,
gss.cpi,Consumer Price Index,Ahafo,Insurance and financial services,All sources,2024-06,110.3,ok,
gss.cpi,Consumer Price Index,Ahafo,Insurance and financial services,All sources,2024-07,109.3,ok,
gss.cpi,Consumer Price Index,Ahafo,Insurance and financial services,All sources,2024-08,110.6,ok,
gss.cpi,Consumer Price Index,Ahafo,Insurance and financial services,All sources,2024-09,110.6,ok,
gss.cpi,Consumer Price Index,Ahafo,Insurance and financial services,All sources,2024-10,110.6,ok,
gss.cpi,Consumer Price Index,Ahafo,Insurance and financial services,All sources,2024-11,110.6,ok,
gss.cpi,Consumer Price Index,Ahafo,Insurance and financial services,All sources,2024-12,110.6,ok,
gss.cpi,Consumer Price Index,Ahafo,Insurance and financial services,All sources,2025-01,110.6,ok,
gss.cpi,Consumer Price Index,Ahafo,Insurance and financial services,All sources,2025-02,110.6,ok,
gss.cpi,Consumer Price Index,Ahafo,Insurance and financial services,All sources,2025-03,110.7,ok,
gss.cpi,Consumer Price Index,Ahafo,Insurance and financial services,All sources,2025-04,110.7,ok,
gss.cpi,Consumer Price Index,Ahafo,Insurance and financial services,All sources,2025-05,104.0,ok,
gss.cpi,Consumer Price Index,Ahafo,Insurance and financial services,All sources,2025-06,90.7,ok,
gss.cpi,Consumer Price Index,Ahafo,Insurance and financial services,All sources,2025-07,18.6,ok,
gss.cpi,Consumer Price Index,Ahafo,Insurance and financial services,All sources,2025-08,18.6,ok,
gss.cpi,Consumer Price Index,Ahafo,Insurance and financial services,All sources,2025-09,18.6,ok,
gss.cpi,Consumer Price Index,Ahafo,Insurance and financial services,All sources,2025-10,18.6,ok,
gss.cpi,Consumer Price Index,Ahafo,Insurance and financial services,All sources,2025-11,18.6,ok,
gss.cpi,Consumer Price Index,Ahafo,Insurance and financial services,All sources,2025-12,18.6,ok,
gss.cpi,Consumer Price Index,Ahafo,Insurance and financial services,All sources,2026-01,18.6,ok,
gss.cpi,Consumer Price Index,Ahafo,Non-food,All sources,2021-01,93.5,ok,
gss.cpi,Consumer Price Index,Ahafo,Non-food,All sources,2021-02,93.6,ok,
gss.cpi,Consumer Price Index,Ahafo,Non-food,All sources,2021-03,94.4,ok,
gss.cpi,Consumer Price Index,Ahafo,Non-food,All sources,2021-04,96.9,ok,
gss.cpi,Consumer Price Index,Ahafo,Non-food,All sources,2021-05,97.5,ok,
gss.cpi,Consumer Price Index,Ahafo,Non-food,All sources,2021-06,99.2,ok,
gss.cpi,Consumer Price Index,Ahafo,Non-food,All sources,2021-07,100.0,ok,
gss.cpi,Consumer Price Index,Ahafo,Non-food,All sources,2021-08,101.3,ok,
gss.cpi,Consumer Price Index,Ahafo,Non-food,All sources,2021-09,103.4,ok,
gss.cpi,Consumer Price Index,Ahafo,Non-food,All sources,2021-10,105.2,ok,
gss.cpi,Consumer Price Index,Ahafo,Non-food,All sources,2021-11,107.1,ok,
gss.cpi,Consumer Price Index,Ahafo,Non-food,All sources,2021-12,108.0,ok,
gss.cpi,Consumer Price Index,Ahafo,Non-food,All sources,2022-01,109.1,ok,
gss.cpi,Consumer Price Index,Ahafo,Non-food,All sources,2022-02,113.5,ok,
gss.cpi,Consumer Price Index,Ahafo,Non-food,All sources,2022-03,119.9,ok,
gss.cpi,Consumer Price Index,Ahafo,Non-food,All sources,2022-04,122.6,ok,
gss.cpi,Consumer Price Index,Ahafo,Non-food,All sources,2022-05,128.2,ok,
gss.cpi,Consumer Price Index,Ahafo,Non-food,All sources,2022-06,133.1,ok,
gss.cpi,Consumer Price Index,Ahafo,Non-food,All sources,2022-07,135.1,ok,
gss.cpi,Consumer Price Index,Ahafo,Non-food,All sources,2022-08,137.0,ok,
gss.cpi,Consumer Price Index,Ahafo,Non-food,All sources,2022-09,137.8,ok,
gss.cpi,Consumer Price Index,Ahafo,Non-food,All sources,2022-10,142.0,ok,
gss.cpi,Consumer Price Index,Ahafo,Non-food,All sources,2022-11,155.0,ok,
gss.cpi,Consumer Price Index,Ahafo,Non-food,All sources,2022-12,162.0,ok,
gss.cpi,Consumer Price Index,Ahafo,Non-food,All sources,2023-01,161.6,ok,
gss.cpi,Consumer Price Index,Ahafo,Non-food,All sources,2023-02,166.9,ok,
gss.cpi,Consumer Price Index,Ahafo,Non-food,All sources,2023-03,164.2,ok,
gss.cpi,Consumer Price Index,Ahafo,Non-food,All sources,2023-04,164.9,ok,
gss.cpi,Consumer Price Index,Ahafo,Non-food,All sources,2023-05,170.2,ok,
gss.cpi,Consumer Price Index,Ahafo,Non-food,All sources,2023-06,173.6,ok,
gss.cpi,Consumer Price Index,Ahafo,Non-food,All sources,2023-07,177.9,ok,
gss.cpi,Consumer Price Index,Ahafo,Non-food,All sources,2023-08,176.1,ok,
gss.cpi,Consumer Price Index,Ahafo,Non-food,All sources,2023-09,178.1,ok,
gss.cpi,Consumer Price Index,Ahafo,Non-food,All sources,2023-10,178.3,ok,
gss.cpi,Consumer Price Index,Ahafo,Non-food,All sources,2023-11,180.1,ok,
gss.cpi,Consumer Price Index,Ahafo,Non-food,All sources,2023-12,181.4,ok,
gss.cpi,Consumer Price Index,Ahafo,Non-food,All sources,2024-01,184.1,ok,
gss.cpi,Consumer Price Index,Ahafo,Non-food,All sources,2024-02,186.4,ok,
gss.cpi,Consumer Price Index,Ahafo,Non-food,All sources,2024-03,187.4,ok,
gss.cpi,Consumer Price Index,Ahafo,Non-food,All sources,2024-04,188.7,ok,
gss.cpi,Consumer Price Index,Ahafo,Non-food,All sources,2024-05,195.8,warn,rebase_discontinuity
gss.cpi,Consumer Price Index,Ahafo,Non-food,All sources,2024-06,197.8,ok,
gss.cpi,Consumer Price Index,Ahafo,Non-food,All sources,2024-07,202.1,ok,
gss.cpi,Consumer Price Index,Ahafo,Non-food,All sources,2024-08,203.1,ok,
gss.cpi,Consumer Price Index,Ahafo,Non-food,All sources,2024-09,205.0,ok,
gss.cpi,Consumer Price Index,Ahafo,Non-food,All sources,2024-10,207.8,ok,
gss.cpi,Consumer Price Index,Ahafo,Non-food,All sources,2024-11,210.5,ok,
gss.cpi,Consumer Price Index,Ahafo,Non-food,All sources,2024-12,213.1,ok,
gss.cpi,Consumer Price Index,Ahafo,Non-food,All sources,2025-01,214.7,ok,
gss.cpi,Consumer Price Index,Ahafo,Non-food,All sources,2025-02,218.7,ok,
gss.cpi,Consumer Price Index,Ahafo,Non-food,All sources,2025-03,220.3,ok,
gss.cpi,Consumer Price Index,Ahafo,Non-food,All sources,2025-04,221.5,ok,
gss.cpi,Consumer Price Index,Ahafo,Non-food,All sources,2025-05,223.5,ok,
gss.cpi,Consumer Price Index,Ahafo,Non-food,All sources,2025-06,216.7,ok,
gss.cpi,Consumer Price Index,Ahafo,Non-food,All sources,2025-07,,held,rebase_discontinuity;regional_nonfood
gss.cpi,Consumer Price Index,Ahafo,Non-food,All sources,2025-08,221.0,ok,
gss.cpi,Consumer Price Index,Ahafo,Non-food,All sources,2025-09,224.2,ok,
gss.cpi,Consumer Price Index,Ahafo,Non-food,All sources,2025-10,,held,regional_nonfood
gss.cpi,Consumer Price Index,Ahafo,Non-food,All sources,2025-11,225.8,ok,
gss.cpi,Consumer Price Index,Ahafo,Non-food,All sources,2025-12,228.5,ok,
gss.cpi,Consumer Price Index,Ahafo,Non-food,All sources,2026-01,228.7,ok,
gss.cpi,Consumer Price Index,Ahafo,"Personal care, social protection and miscellaneous goods and services",All sources,2021-01,90.6,ok,
gss.cpi,Consumer Price Index,Ahafo,"Personal care, social protection and miscellaneous goods and services",All sources,2021-02,91.4,ok,
gss.cpi,Consumer Price Index,Ahafo,"Personal care, social protection and miscellaneous goods and services",All sources,2021-03,92.5,ok,
gss.cpi,Consumer Price Index,Ahafo,"Personal care, social protection and miscellaneous goods and services",All sources,2021-04,96.2,ok,
gss.cpi,Consumer Price Index,Ahafo,"Personal care, social protection and miscellaneous goods and services",All sources,2021-05,97.7,ok,
gss.cpi,Consumer Price Index,Ahafo,"Personal care, social protection and miscellaneous goods and services",All sources,2021-06,97.8,ok,
gss.cpi,Consumer Price Index,Ahafo,"Personal care, social protection and miscellaneous goods and services",All sources,2021-07,100.3,ok,
gss.cpi,Consumer Price Index,Ahafo,"Personal care, social protection and miscellaneous goods and services",All sources,2021-08,102.6,ok,
gss.cpi,Consumer Price Index,Ahafo,"Personal care, social protection and miscellaneous goods and services",All sources,2021-09,106.5,ok,
gss.cpi,Consumer Price Index,Ahafo,"Personal care, social protection and miscellaneous goods and services",All sources,2021-10,107.2,ok,
gss.cpi,Consumer Price Index,Ahafo,"Personal care, social protection and miscellaneous goods and services",All sources,2021-11,108.2,ok,
gss.cpi,Consumer Price Index,Ahafo,"Personal care, social protection and miscellaneous goods and services",All sources,2021-12,109.1,ok,
gss.cpi,Consumer Price Index,Ahafo,"Personal care, social protection and miscellaneous goods and services",All sources,2022-01,110.6,ok,
gss.cpi,Consumer Price Index,Ahafo,"Personal care, social protection and miscellaneous goods and services",All sources,2022-02,116.5,ok,
gss.cpi,Consumer Price Index,Ahafo,"Personal care, social protection and miscellaneous goods and services",All sources,2022-03,120.2,ok,
gss.cpi,Consumer Price Index,Ahafo,"Personal care, social protection and miscellaneous goods and services",All sources,2022-04,130.9,ok,
gss.cpi,Consumer Price Index,Ahafo,"Personal care, social protection and miscellaneous goods and services",All sources,2022-05,140.5,ok,
gss.cpi,Consumer Price Index,Ahafo,"Personal care, social protection and miscellaneous goods and services",All sources,2022-06,146.9,ok,
gss.cpi,Consumer Price Index,Ahafo,"Personal care, social protection and miscellaneous goods and services",All sources,2022-07,151.2,ok,
gss.cpi,Consumer Price Index,Ahafo,"Personal care, social protection and miscellaneous goods and services",All sources,2022-08,156.3,ok,
gss.cpi,Consumer Price Index,Ahafo,"Personal care, social protection and miscellaneous goods and services",All sources,2022-09,155.4,ok,
gss.cpi,Consumer Price Index,Ahafo,"Personal care, social protection and miscellaneous goods and services",All sources,2022-10,161.7,ok,
gss.cpi,Consumer Price Index,Ahafo,"Personal care, social protection and miscellaneous goods and services",All sources,2022-11,178.8,ok,
gss.cpi,Consumer Price Index,Ahafo,"Personal care, social protection and miscellaneous goods and services",All sources,2022-12,191.7,ok,
gss.cpi,Consumer Price Index,Ahafo,"Personal care, social protection and miscellaneous goods and services",All sources,2023-01,196.5,ok,
gss.cpi,Consumer Price Index,Ahafo,"Personal care, social protection and miscellaneous goods and services",All sources,2023-02,205.8,ok,
gss.cpi,Consumer Price Index,Ahafo,"Personal care, social protection and miscellaneous goods and services",All sources,2023-03,204.3,ok,
gss.cpi,Consumer Price Index,Ahafo,"Personal care, social protection and miscellaneous goods and services",All sources,2023-04,205.9,ok,
gss.cpi,Consumer Price Index,Ahafo,"Personal care, social protection and miscellaneous goods and services",All sources,2023-05,223.9,ok,
gss.cpi,Consumer Price Index,Ahafo,"Personal care, social protection and miscellaneous goods and services",All sources,2023-06,232.0,ok,
gss.cpi,Consumer Price Index,Ahafo,"Personal care, social protection and miscellaneous goods and services",All sources,2023-07,240.2,ok,
gss.cpi,Consumer Price Index,Ahafo,"Personal care, social protection and miscellaneous goods and services",All sources,2023-08,234.2,ok,
gss.cpi,Consumer Price Index,Ahafo,"Personal care, social protection and miscellaneous goods and services",All sources,2023-09,236.5,ok,
gss.cpi,Consumer Price Index,Ahafo,"Personal care, social protection and miscellaneous goods and services",All sources,2023-10,230.5,ok,
gss.cpi,Consumer Price Index,Ahafo,"Personal care, social protection and miscellaneous goods and services",All sources,2023-11,231.7,ok,
gss.cpi,Consumer Price Index,Ahafo,"Personal care, social protection and miscellaneous goods and services",All sources,2023-12,233.6,ok,
gss.cpi,Consumer Price Index,Ahafo,"Personal care, social protection and miscellaneous goods and services",All sources,2024-01,241.8,ok,
gss.cpi,Consumer Price Index,Ahafo,"Personal care, social protection and miscellaneous goods and services",All sources,2024-02,245.0,ok,
gss.cpi,Consumer Price Index,Ahafo,"Personal care, social protection and miscellaneous goods and services",All sources,2024-03,248.0,ok,
gss.cpi,Consumer Price Index,Ahafo,"Personal care, social protection and miscellaneous goods and services",All sources,2024-04,248.7,ok,
gss.cpi,Consumer Price Index,Ahafo,"Personal care, social protection and miscellaneous goods and services",All sources,2024-05,251.3,ok,
gss.cpi,Consumer Price Index,Ahafo,"Personal care, social protection and miscellaneous goods and services",All sources,2024-06,253.5,ok,
gss.cpi,Consumer Price Index,Ahafo,"Personal care, social protection and miscellaneous goods and services",All sources,2024-07,265.3,ok,
gss.cpi,Consumer Price Index,Ahafo,"Personal care, social protection and miscellaneous goods and services",All sources,2024-08,265.8,ok,
gss.cpi,Consumer Price Index,Ahafo,"Personal care, social protection and miscellaneous goods and services",All sources,2024-09,269.9,ok,
gss.cpi,Consumer Price Index,Ahafo,"Personal care, social protection and miscellaneous goods and services",All sources,2024-10,273.9,ok,
gss.cpi,Consumer Price Index,Ahafo,"Personal care, social protection and miscellaneous goods and services",All sources,2024-11,274.8,ok,
gss.cpi,Consumer Price Index,Ahafo,"Personal care, social protection and miscellaneous goods and services",All sources,2024-12,277.1,ok,
gss.cpi,Consumer Price Index,Ahafo,"Personal care, social protection and miscellaneous goods and services",All sources,2025-01,278.2,ok,
gss.cpi,Consumer Price Index,Ahafo,"Personal care, social protection and miscellaneous goods and services",All sources,2025-02,281.7,ok,
gss.cpi,Consumer Price Index,Ahafo,"Personal care, social protection and miscellaneous goods and services",All sources,2025-03,282.6,ok,
gss.cpi,Consumer Price Index,Ahafo,"Personal care, social protection and miscellaneous goods and services",All sources,2025-04,287.0,ok,
gss.cpi,Consumer Price Index,Ahafo,"Personal care, social protection and miscellaneous goods and services",All sources,2025-05,294.6,ok,
gss.cpi,Consumer Price Index,Ahafo,"Personal care, social protection and miscellaneous goods and services",All sources,2025-06,285.3,ok,
gss.cpi,Consumer Price Index,Ahafo,"Personal care, social protection and miscellaneous goods and services",All sources,2025-07,296.1,ok,
gss.cpi,Consumer Price Index,Ahafo,"Personal care, social protection and miscellaneous goods and services",All sources,2025-08,299.6,ok,
gss.cpi,Consumer Price Index,Ahafo,"Personal care, social protection and miscellaneous goods and services",All sources,2025-09,304.0,ok,
gss.cpi,Consumer Price Index,Ahafo,"Personal care, social protection and miscellaneous goods and services",All sources,2025-10,306.2,ok,
gss.cpi,Consumer Price Index,Ahafo,"Personal care, social protection and miscellaneous goods and services",All sources,2025-11,307.4,ok,
gss.cpi,Consumer Price Index,Ahafo,"Personal care, social protection and miscellaneous goods and services",All sources,2025-12,308.6,ok,
gss.cpi,Consumer Price Index,Ahafo,"Personal care, social protection and miscellaneous goods and services",All sources,2026-01,309.6,ok,
gss.cpi,Consumer Price Index,Ahafo,"Recreation, sport and culture",All sources,2021-01,95.3,ok,
gss.cpi,Consumer Price Index,Ahafo,"Recreation, sport and culture",All sources,2021-02,97.0,ok,
gss.cpi,Consumer Price Index,Ahafo,"Recreation, sport and culture",All sources,2021-03,97.0,ok,
gss.cpi,Consumer Price Index,Ahafo,"Recreation, sport and culture",All sources,2021-04,99.5,ok,
gss.cpi,Consumer Price Index,Ahafo,"Recreation, sport and culture",All sources,2021-05,99.5,ok,
gss.cpi,Consumer Price Index,Ahafo,"Recreation, sport and culture",All sources,2021-06,99.9,ok,
gss.cpi,Consumer Price Index,Ahafo,"Recreation, sport and culture",All sources,2021-07,100.0,ok,
gss.cpi,Consumer Price Index,Ahafo,"Recreation, sport and culture",All sources,2021-08,100.2,ok,
gss.cpi,Consumer Price Index,Ahafo,"Recreation, sport and culture",All sources,2021-09,102.2,ok,
gss.cpi,Consumer Price Index,Ahafo,"Recreation, sport and culture",All sources,2021-10,102.4,ok,
gss.cpi,Consumer Price Index,Ahafo,"Recreation, sport and culture",All sources,2021-11,103.2,ok,
gss.cpi,Consumer Price Index,Ahafo,"Recreation, sport and culture",All sources,2021-12,103.9,ok,
gss.cpi,Consumer Price Index,Ahafo,"Recreation, sport and culture",All sources,2022-01,106.5,ok,
gss.cpi,Consumer Price Index,Ahafo,"Recreation, sport and culture",All sources,2022-02,106.8,ok,
gss.cpi,Consumer Price Index,Ahafo,"Recreation, sport and culture",All sources,2022-03,108.8,ok,
gss.cpi,Consumer Price Index,Ahafo,"Recreation, sport and culture",All sources,2022-04,110.5,ok,
gss.cpi,Consumer Price Index,Ahafo,"Recreation, sport and culture",All sources,2022-05,116.4,ok,
gss.cpi,Consumer Price Index,Ahafo,"Recreation, sport and culture",All sources,2022-06,119.8,ok,
gss.cpi,Consumer Price Index,Ahafo,"Recreation, sport and culture",All sources,2022-07,120.1,ok,
gss.cpi,Consumer Price Index,Ahafo,"Recreation, sport and culture",All sources,2022-08,120.0,ok,
gss.cpi,Consumer Price Index,Ahafo,"Recreation, sport and culture",All sources,2022-09,120.4,ok,
gss.cpi,Consumer Price Index,Ahafo,"Recreation, sport and culture",All sources,2022-10,124.0,ok,
gss.cpi,Consumer Price Index,Ahafo,"Recreation, sport and culture",All sources,2022-11,132.8,ok,
gss.cpi,Consumer Price Index,Ahafo,"Recreation, sport and culture",All sources,2022-12,137.9,ok,
gss.cpi,Consumer Price Index,Ahafo,"Recreation, sport and culture",All sources,2023-01,139.0,ok,
gss.cpi,Consumer Price Index,Ahafo,"Recreation, sport and culture",All sources,2023-02,142.3,ok,
gss.cpi,Consumer Price Index,Ahafo,"Recreation, sport and culture",All sources,2023-03,139.0,ok,
gss.cpi,Consumer Price Index,Ahafo,"Recreation, sport and culture",All sources,2023-04,140.3,ok,
gss.cpi,Consumer Price Index,Ahafo,"Recreation, sport and culture",All sources,2023-05,146.1,ok,
gss.cpi,Consumer Price Index,Ahafo,"Recreation, sport and culture",All sources,2023-06,154.9,ok,
gss.cpi,Consumer Price Index,Ahafo,"Recreation, sport and culture",All sources,2023-07,162.2,ok,
gss.cpi,Consumer Price Index,Ahafo,"Recreation, sport and culture",All sources,2023-08,157.4,ok,
gss.cpi,Consumer Price Index,Ahafo,"Recreation, sport and culture",All sources,2023-09,156.3,ok,
gss.cpi,Consumer Price Index,Ahafo,"Recreation, sport and culture",All sources,2023-10,162.6,ok,
gss.cpi,Consumer Price Index,Ahafo,"Recreation, sport and culture",All sources,2023-11,179.7,ok,
gss.cpi,Consumer Price Index,Ahafo,"Recreation, sport and culture",All sources,2023-12,180.8,ok,
gss.cpi,Consumer Price Index,Ahafo,"Recreation, sport and culture",All sources,2024-01,182.4,ok,
gss.cpi,Consumer Price Index,Ahafo,"Recreation, sport and culture",All sources,2024-02,187.2,ok,
gss.cpi,Consumer Price Index,Ahafo,"Recreation, sport and culture",All sources,2024-03,193.2,ok,
gss.cpi,Consumer Price Index,Ahafo,"Recreation, sport and culture",All sources,2024-04,187.1,ok,
gss.cpi,Consumer Price Index,Ahafo,"Recreation, sport and culture",All sources,2024-05,197.9,ok,
gss.cpi,Consumer Price Index,Ahafo,"Recreation, sport and culture",All sources,2024-06,199.3,ok,
gss.cpi,Consumer Price Index,Ahafo,"Recreation, sport and culture",All sources,2024-07,204.2,ok,
gss.cpi,Consumer Price Index,Ahafo,"Recreation, sport and culture",All sources,2024-08,206.8,ok,
gss.cpi,Consumer Price Index,Ahafo,"Recreation, sport and culture",All sources,2024-09,207.7,ok,
gss.cpi,Consumer Price Index,Ahafo,"Recreation, sport and culture",All sources,2024-10,215.7,ok,
gss.cpi,Consumer Price Index,Ahafo,"Recreation, sport and culture",All sources,2024-11,218.3,ok,
gss.cpi,Consumer Price Index,Ahafo,"Recreation, sport and culture",All sources,2024-12,218.5,ok,
gss.cpi,Consumer Price Index,Ahafo,"Recreation, sport and culture",All sources,2025-01,218.5,ok,
gss.cpi,Consumer Price Index,Ahafo,"Recreation, sport and culture",All sources,2025-02,219.5,ok,
gss.cpi,Consumer Price Index,Ahafo,"Recreation, sport and culture",All sources,2025-03,219.7,ok,
gss.cpi,Consumer Price Index,Ahafo,"Recreation, sport and culture",All sources,2025-04,220.2,ok,
gss.cpi,Consumer Price Index,Ahafo,"Recreation, sport and culture",All sources,2025-05,220.2,ok,
gss.cpi,Consumer Price Index,Ahafo,"Recreation, sport and culture",All sources,2025-06,218.7,ok,
gss.cpi,Consumer Price Index,Ahafo,"Recreation, sport and culture",All sources,2025-07,225.1,ok,
gss.cpi,Consumer Price Index,Ahafo,"Recreation, sport and culture",All sources,2025-08,225.3,ok,
gss.cpi,Consumer Price Index,Ahafo,"Recreation, sport and culture",All sources,2025-09,224.4,ok,
gss.cpi,Consumer Price Index,Ahafo,"Recreation, sport and culture",All sources,2025-10,229.5,ok,
gss.cpi,Consumer Price Index,Ahafo,"Recreation, sport and culture",All sources,2025-11,230.6,ok,
gss.cpi,Consumer Price Index,Ahafo,"Recreation, sport and culture",All sources,2025-12,230.8,ok,
gss.cpi,Consumer Price Index,Ahafo,"Recreation, sport and culture",All sources,2026-01,230.9,ok,
gss.cpi,Consumer Price Index,Ahafo,Restaurants and accommodation services,All sources,2021-01,95.4,ok,
gss.cpi,Consumer Price Index,Ahafo,Restaurants and accommodation services,All sources,2021-02,95.4,ok,
gss.cpi,Consumer Price Index,Ahafo,Restaurants and accommodation services,All sources,2021-03,95.4,ok,
gss.cpi,Consumer Price Index,Ahafo,Restaurants and accommodation services,All sources,2021-04,95.4,ok,
gss.cpi,Consumer Price Index,Ahafo,Restaurants and accommodation services,All sources,2021-05,95.4,ok,
gss.cpi,Consumer Price Index,Ahafo,Restaurants and accommodation services,All sources,2021-06,95.4,ok,
gss.cpi,Consumer Price Index,Ahafo,Restaurants and accommodation services,All sources,2021-07,102.0,ok,
gss.cpi,Consumer Price Index,Ahafo,Restaurants and accommodation services,All sources,2021-08,102.0,ok,
gss.cpi,Consumer Price Index,Ahafo,Restaurants and accommodation services,All sources,2021-09,103.6,ok,
gss.cpi,Consumer Price Index,Ahafo,Restaurants and accommodation services,All sources,2021-10,103.6,ok,
gss.cpi,Consumer Price Index,Ahafo,Restaurants and accommodation services,All sources,2021-11,107.5,ok,
gss.cpi,Consumer Price Index,Ahafo,Restaurants and accommodation services,All sources,2021-12,108.9,ok,
gss.cpi,Consumer Price Index,Ahafo,Restaurants and accommodation services,All sources,2022-01,107.5,ok,
gss.cpi,Consumer Price Index,Ahafo,Restaurants and accommodation services,All sources,2022-02,116.5,ok,
gss.cpi,Consumer Price Index,Ahafo,Restaurants and accommodation services,All sources,2022-03,118.0,ok,
gss.cpi,Consumer Price Index,Ahafo,Restaurants and accommodation services,All sources,2022-04,118.0,ok,
gss.cpi,Consumer Price Index,Ahafo,Restaurants and accommodation services,All sources,2022-05,118.0,ok,
gss.cpi,Consumer Price Index,Ahafo,Restaurants and accommodation services,All sources,2022-06,126.4,ok,
gss.cpi,Consumer Price Index,Ahafo,Restaurants and accommodation services,All sources,2022-07,126.4,ok,
gss.cpi,Consumer Price Index,Ahafo,Restaurants and accommodation services,All sources,2022-08,126.4,ok,
gss.cpi,Consumer Price Index,Ahafo,Restaurants and accommodation services,All sources,2022-09,126.4,ok,
gss.cpi,Consumer Price Index,Ahafo,Restaurants and accommodation services,All sources,2022-10,131.0,ok,
gss.cpi,Consumer Price Index,Ahafo,Restaurants and accommodation services,All sources,2022-11,138.3,ok,
gss.cpi,Consumer Price Index,Ahafo,Restaurants and accommodation services,All sources,2022-12,140.7,ok,
gss.cpi,Consumer Price Index,Ahafo,Restaurants and accommodation services,All sources,2023-01,140.7,ok,
gss.cpi,Consumer Price Index,Ahafo,Restaurants and accommodation services,All sources,2023-02,142.3,ok,
gss.cpi,Consumer Price Index,Ahafo,Restaurants and accommodation services,All sources,2023-03,142.3,ok,
gss.cpi,Consumer Price Index,Ahafo,Restaurants and accommodation services,All sources,2023-04,142.3,ok,
gss.cpi,Consumer Price Index,Ahafo,Restaurants and accommodation services,All sources,2023-05,143.2,ok,
gss.cpi,Consumer Price Index,Ahafo,Restaurants and accommodation services,All sources,2023-06,145.9,ok,
gss.cpi,Consumer Price Index,Ahafo,Restaurants and accommodation services,All sources,2023-07,148.3,ok,
gss.cpi,Consumer Price Index,Ahafo,Restaurants and accommodation services,All sources,2023-08,159.5,ok,
gss.cpi,Consumer Price Index,Ahafo,Restaurants and accommodation services,All sources,2023-09,159.5,ok,
gss.cpi,Consumer Price Index,Ahafo,Restaurants and accommodation services,All sources,2023-10,165.0,ok,
gss.cpi,Consumer Price Index,Ahafo,Restaurants and accommodation services,All sources,2023-11,181.8,ok,
gss.cpi,Consumer Price Index,Ahafo,Restaurants and accommodation services,All sources,2023-12,178.9,ok,
gss.cpi,Consumer Price Index,Ahafo,Restaurants and accommodation services,All sources,2024-01,175.3,ok,
gss.cpi,Consumer Price Index,Ahafo,Restaurants and accommodation services,All sources,2024-02,188.1,ok,
gss.cpi,Consumer Price Index,Ahafo,Restaurants and accommodation services,All sources,2024-03,188.1,ok,
gss.cpi,Consumer Price Index,Ahafo,Restaurants and accommodation services,All sources,2024-04,188.1,ok,
gss.cpi,Consumer Price Index,Ahafo,Restaurants and accommodation services,All sources,2024-05,189.9,ok,
gss.cpi,Consumer Price Index,Ahafo,Restaurants and accommodation services,All sources,2024-06,189.9,ok,
gss.cpi,Consumer Price Index,Ahafo,Restaurants and accommodation services,All sources,2024-07,189.9,ok,
gss.cpi,Consumer Price Index,Ahafo,Restaurants and accommodation services,All sources,2024-08,189.9,ok,
gss.cpi,Consumer Price Index,Ahafo,Restaurants and accommodation services,All sources,2024-09,205.5,ok,
gss.cpi,Consumer Price Index,Ahafo,Restaurants and accommodation services,All sources,2024-10,206.2,ok,
gss.cpi,Consumer Price Index,Ahafo,Restaurants and accommodation services,All sources,2024-11,206.2,ok,
gss.cpi,Consumer Price Index,Ahafo,Restaurants and accommodation services,All sources,2024-12,207.0,ok,
gss.cpi,Consumer Price Index,Ahafo,Restaurants and accommodation services,All sources,2025-01,207.3,ok,
gss.cpi,Consumer Price Index,Ahafo,Restaurants and accommodation services,All sources,2025-02,207.3,ok,
gss.cpi,Consumer Price Index,Ahafo,Restaurants and accommodation services,All sources,2025-03,210.7,ok,
gss.cpi,Consumer Price Index,Ahafo,Restaurants and accommodation services,All sources,2025-04,214.9,ok,
gss.cpi,Consumer Price Index,Ahafo,Restaurants and accommodation services,All sources,2025-05,218.1,ok,
gss.cpi,Consumer Price Index,Ahafo,Restaurants and accommodation services,All sources,2025-06,218.1,ok,
gss.cpi,Consumer Price Index,Ahafo,Restaurants and accommodation services,All sources,2025-07,220.4,ok,
gss.cpi,Consumer Price Index,Ahafo,Restaurants and accommodation services,All sources,2025-08,220.4,ok,
gss.cpi,Consumer Price Index,Ahafo,Restaurants and accommodation services,All sources,2025-09,227.3,ok,
gss.cpi,Consumer Price Index,Ahafo,Restaurants and accommodation services,All sources,2025-10,227.3,ok,
gss.cpi,Consumer Price Index,Ahafo,Restaurants and accommodation services,All sources,2025-11,227.3,ok,
gss.cpi,Consumer Price Index,Ahafo,Restaurants and accommodation services,All sources,2025-12,229.0,ok,
gss.cpi,Consumer Price Index,Ahafo,Restaurants and accommodation services,All sources,2026-01,229.0,ok,
gss.cpi,Consumer Price Index,Ahafo,Transport,All sources,2021-01,91.6,ok,
gss.cpi,Consumer Price Index,Ahafo,Transport,All sources,2021-02,91.0,ok,
gss.cpi,Consumer Price Index,Ahafo,Transport,All sources,2021-03,91.9,ok,
gss.cpi,Consumer Price Index,Ahafo,Transport,All sources,2021-04,92.7,ok,
gss.cpi,Consumer Price Index,Ahafo,Transport,All sources,2021-05,92.7,ok,
gss.cpi,Consumer Price Index,Ahafo,Transport,All sources,2021-06,99.9,ok,
gss.cpi,Consumer Price Index,Ahafo,Transport,All sources,2021-07,102.3,ok,
gss.cpi,Consumer Price Index,Ahafo,Transport,All sources,2021-08,102.3,ok,
gss.cpi,Consumer Price Index,Ahafo,Transport,All sources,2021-09,107.8,ok,
gss.cpi,Consumer Price Index,Ahafo,Transport,All sources,2021-10,108.7,ok,
gss.cpi,Consumer Price Index,Ahafo,Transport,All sources,2021-11,109.4,ok,
gss.cpi,Consumer Price Index,Ahafo,Transport,All sources,2021-12,109.6,ok,
gss.cpi,Consumer Price Index,Ahafo,Transport,All sources,2022-01,110.4,ok,
gss.cpi,Consumer Price Index,Ahafo,Transport,All sources,2022-02,122.6,ok,
gss.cpi,Consumer Price Index,Ahafo,Transport,All sources,2022-03,137.0,ok,
gss.cpi,Consumer Price Index,Ahafo,Transport,All sources,2022-04,141.2,ok,
gss.cpi,Consumer Price Index,Ahafo,Transport,All sources,2022-05,153.6,ok,
gss.cpi,Consumer Price Index,Ahafo,Transport,All sources,2022-06,159.6,ok,
gss.cpi,Consumer Price Index,Ahafo,Transport,All sources,2022-07,165.8,ok,
gss.cpi,Consumer Price Index,Ahafo,Transport,All sources,2022-08,168.5,ok,
gss.cpi,Consumer Price Index,Ahafo,Transport,All sources,2022-09,170.4,ok,
gss.cpi,Consumer Price Index,Ahafo,Transport,All sources,2022-10,168.5,ok,
gss.cpi,Consumer Price Index,Ahafo,Transport,All sources,2022-11,199.3,ok,
gss.cpi,Consumer Price Index,Ahafo,Transport,All sources,2022-12,204.8,ok,
gss.cpi,Consumer Price Index,Ahafo,Transport,All sources,2023-01,192.4,ok,
gss.cpi,Consumer Price Index,Ahafo,Transport,All sources,2023-02,200.5,ok,
gss.cpi,Consumer Price Index,Ahafo,Transport,All sources,2023-03,198.6,ok,
gss.cpi,Consumer Price Index,Ahafo,Transport,All sources,2023-04,192.8,ok,
gss.cpi,Consumer Price Index,Ahafo,Transport,All sources,2023-05,195.6,ok,
gss.cpi,Consumer Price Index,Ahafo,Transport,All sources,2023-06,197.3,ok,
gss.cpi,Consumer Price Index,Ahafo,Transport,All sources,2023-07,201.2,ok,
gss.cpi,Consumer Price Index,Ahafo,Transport,All sources,2023-08,200.3,ok,
gss.cpi,Consumer Price Index,Ahafo,Transport,All sources,2023-09,203.6,ok,
gss.cpi,Consumer Price Index,Ahafo,Transport,All sources,2023-10,204.0,ok,
gss.cpi,Consumer Price Index,Ahafo,Transport,All sources,2023-11,203.6,ok,
gss.cpi,Consumer Price Index,Ahafo,Transport,All sources,2023-12,205.1,ok,
gss.cpi,Consumer Price Index,Ahafo,Transport,All sources,2024-01,205.0,ok,
gss.cpi,Consumer Price Index,Ahafo,Transport,All sources,2024-02,206.2,ok,
gss.cpi,Consumer Price Index,Ahafo,Transport,All sources,2024-03,208.5,ok,
gss.cpi,Consumer Price Index,Ahafo,Transport,All sources,2024-04,210.0,ok,
gss.cpi,Consumer Price Index,Ahafo,Transport,All sources,2024-05,239.6,ok,
gss.cpi,Consumer Price Index,Ahafo,Transport,All sources,2024-06,239.7,ok,
gss.cpi,Consumer Price Index,Ahafo,Transport,All sources,2024-07,241.5,ok,
gss.cpi,Consumer Price Index,Ahafo,Transport,All sources,2024-08,243.0,ok,
gss.cpi,Consumer Price Index,Ahafo,Transport,All sources,2024-09,241.9,ok,
gss.cpi,Consumer Price Index,Ahafo,Transport,All sources,2024-10,241.6,ok,
gss.cpi,Consumer Price Index,Ahafo,Transport,All sources,2024-11,243.5,ok,
gss.cpi,Consumer Price Index,Ahafo,Transport,All sources,2024-12,246.3,ok,
gss.cpi,Consumer Price Index,Ahafo,Transport,All sources,2025-01,247.7,ok,
gss.cpi,Consumer Price Index,Ahafo,Transport,All sources,2025-02,251.8,ok,
gss.cpi,Consumer Price Index,Ahafo,Transport,All sources,2025-03,252.5,ok,
gss.cpi,Consumer Price Index,Ahafo,Transport,All sources,2025-04,252.1,ok,
gss.cpi,Consumer Price Index,Ahafo,Transport,All sources,2025-05,249.8,ok,
gss.cpi,Consumer Price Index,Ahafo,Transport,All sources,2025-06,221.4,ok,
gss.cpi,Consumer Price Index,Ahafo,Transport,All sources,2025-07,222.3,ok,
gss.cpi,Consumer Price Index,Ahafo,Transport,All sources,2025-08,231.9,ok,
gss.cpi,Consumer Price Index,Ahafo,Transport,All sources,2025-09,233.8,ok,
gss.cpi,Consumer Price Index,Ahafo,Transport,All sources,2025-10,236.3,ok,
gss.cpi,Consumer Price Index,Ahafo,Transport,All sources,2025-11,236.8,ok,
gss.cpi,Consumer Price Index,Ahafo,Transport,All sources,2025-12,233.9,ok,
gss.cpi,Consumer Price Index,Ahafo,Transport,All sources,2026-01,229.8,ok,
gss.cpi,Month-on-month inflation (%),Ahafo,"Alcoholic beverages, tobacco and narcotics",All sources,2021-02,0.0,ok,
gss.cpi,Month-on-month inflation (%),Ahafo,"Alcoholic beverages, tobacco and narcotics",All sources,2021-03,0.0,ok,
gss.cpi,Month-on-month inflation (%),Ahafo,"Alcoholic beverages, tobacco and narcotics",All sources,2021-04,3.3,ok,
gss.cpi,Month-on-month inflation (%),Ahafo,"Alcoholic beverages, tobacco and narcotics",All sources,2021-05,0.9,ok,
gss.cpi,Month-on-month inflation (%),Ahafo,"Alcoholic beverages, tobacco and narcotics",All sources,2021-06,0.1,ok,
gss.cpi,Month-on-month inflation (%),Ahafo,"Alcoholic beverages, tobacco and narcotics",All sources,2021-07,-0.2,ok,
gss.cpi,Month-on-month inflation (%),Ahafo,"Alcoholic beverages, tobacco and narcotics",All sources,2021-08,1.3,ok,
gss.cpi,Month-on-month inflation (%),Ahafo,"Alcoholic beverages, tobacco and narcotics",All sources,2021-09,0.7,ok,
gss.cpi,Month-on-month inflation (%),Ahafo,"Alcoholic beverages, tobacco and narcotics",All sources,2021-10,1.2,ok,
gss.cpi,Month-on-month inflation (%),Ahafo,"Alcoholic beverages, tobacco and narcotics",All sources,2021-11,0.6,ok,
gss.cpi,Month-on-month inflation (%),Ahafo,"Alcoholic beverages, tobacco and narcotics",All sources,2021-12,0.5,ok,
gss.cpi,Month-on-month inflation (%),Ahafo,"Alcoholic beverages, tobacco and narcotics",All sources,2022-01,1.1,ok,
gss.cpi,Month-on-month inflation (%),Ahafo,"Alcoholic beverages, tobacco and narcotics",All sources,2022-02,0.5,ok,
gss.cpi,Month-on-month inflation (%),Ahafo,"Alcoholic beverages, tobacco and narcotics",All sources,2022-03,4.8,ok,
gss.cpi,Month-on-month inflation (%),Ahafo,"Alcoholic beverages, tobacco and narcotics",All sources,2022-04,2.4,ok,
gss.cpi,Month-on-month inflation (%),Ahafo,"Alcoholic beverages, tobacco and narcotics",All sources,2022-05,5.8,ok,
gss.cpi,Month-on-month inflation (%),Ahafo,"Alcoholic beverages, tobacco and narcotics",All sources,2022-06,2.5,ok,
gss.cpi,Month-on-month inflation (%),Ahafo,"Alcoholic beverages, tobacco and narcotics",All sources,2022-07,1.2,ok,
gss.cpi,Month-on-month inflation (%),Ahafo,"Alcoholic beverages, tobacco and narcotics",All sources,2022-08,1.7,ok,
gss.cpi,Month-on-month inflation (%),Ahafo,"Alcoholic beverages, tobacco and narcotics",All sources,2022-09,1.7,ok,
gss.cpi,Month-on-month inflation (%),Ahafo,"Alcoholic beverages, tobacco and narcotics",All sources,2022-10,4.4,ok,
gss.cpi,Month-on-month inflation (%),Ahafo,"Alcoholic beverages, tobacco and narcotics",All sources,2022-11,15.2,warn,mom_band
gss.cpi,Month-on-month inflation (%),Ahafo,"Alcoholic beverages, tobacco and narcotics",All sources,2022-12,4.8,ok,
gss.cpi,Month-on-month inflation (%),Ahafo,"Alcoholic beverages, tobacco and narcotics",All sources,2023-01,0.5,ok,
gss.cpi,Month-on-month inflation (%),Ahafo,"Alcoholic beverages, tobacco and narcotics",All sources,2023-02,5.2,ok,
gss.cpi,Month-on-month inflation (%),Ahafo,"Alcoholic beverages, tobacco and narcotics",All sources,2023-03,-3.1,ok,
gss.cpi,Month-on-month inflation (%),Ahafo,"Alcoholic beverages, tobacco and narcotics",All sources,2023-04,1.2,ok,
gss.cpi,Month-on-month inflation (%),Ahafo,"Alcoholic beverages, tobacco and narcotics",All sources,2023-05,4.5,ok,
gss.cpi,Month-on-month inflation (%),Ahafo,"Alcoholic beverages, tobacco and narcotics",All sources,2023-06,3.3,ok,
gss.cpi,Month-on-month inflation (%),Ahafo,"Alcoholic beverages, tobacco and narcotics",All sources,2023-07,3.0,ok,
gss.cpi,Month-on-month inflation (%),Ahafo,"Alcoholic beverages, tobacco and narcotics",All sources,2023-08,-0.4,ok,
gss.cpi,Month-on-month inflation (%),Ahafo,"Alcoholic beverages, tobacco and narcotics",All sources,2023-09,1.0,ok,
gss.cpi,Month-on-month inflation (%),Ahafo,"Alcoholic beverages, tobacco and narcotics",All sources,2023-10,0.9,ok,
gss.cpi,Month-on-month inflation (%),Ahafo,"Alcoholic beverages, tobacco and narcotics",All sources,2023-11,0.3,ok,
gss.cpi,Month-on-month inflation (%),Ahafo,"Alcoholic beverages, tobacco and narcotics",All sources,2023-12,3.9,ok,
gss.cpi,Month-on-month inflation (%),Ahafo,"Alcoholic beverages, tobacco and narcotics",All sources,2024-01,4.7,ok,
gss.cpi,Month-on-month inflation (%),Ahafo,"Alcoholic beverages, tobacco and narcotics",All sources,2024-02,2.9,ok,
gss.cpi,Month-on-month inflation (%),Ahafo,"Alcoholic beverages, tobacco and narcotics",All sources,2024-03,0.7,ok,
gss.cpi,Month-on-month inflation (%),Ahafo,"Alcoholic beverages, tobacco and narcotics",All sources,2024-04,1.5,ok,
gss.cpi,Month-on-month inflation (%),Ahafo,"Alcoholic beverages, tobacco and narcotics",All sources,2024-05,2.8,ok,
gss.cpi,Month-on-month inflation (%),Ahafo,"Alcoholic beverages, tobacco and narcotics",All sources,2024-06,1.3,ok,
gss.cpi,Month-on-month inflation (%),Ahafo,"Alcoholic beverages, tobacco and narcotics",All sources,2024-07,4.1,ok,
gss.cpi,Month-on-month inflation (%),Ahafo,"Alcoholic beverages, tobacco and narcotics",All sources,2024-08,-2.8,ok,
gss.cpi,Month-on-month inflation (%),Ahafo,"Alcoholic beverages, tobacco and narcotics",All sources,2024-09,2.2,ok,
gss.cpi,Month-on-month inflation (%),Ahafo,"Alcoholic beverages, tobacco and narcotics",All sources,2024-10,3.7,ok,
gss.cpi,Month-on-month inflation (%),Ahafo,"Alcoholic beverages, tobacco and narcotics",All sources,2024-11,1.9,ok,
gss.cpi,Month-on-month inflation (%),Ahafo,"Alcoholic beverages, tobacco and narcotics",All sources,2024-12,2.0,ok,
gss.cpi,Month-on-month inflation (%),Ahafo,"Alcoholic beverages, tobacco and narcotics",All sources,2025-01,1.1,ok,
gss.cpi,Month-on-month inflation (%),Ahafo,"Alcoholic beverages, tobacco and narcotics",All sources,2025-02,1.3,ok,
gss.cpi,Month-on-month inflation (%),Ahafo,"Alcoholic beverages, tobacco and narcotics",All sources,2025-03,-0.4,ok,
gss.cpi,Month-on-month inflation (%),Ahafo,"Alcoholic beverages, tobacco and narcotics",All sources,2025-04,0.4,ok,
gss.cpi,Month-on-month inflation (%),Ahafo,"Alcoholic beverages, tobacco and narcotics",All sources,2025-05,1.5,ok,
gss.cpi,Month-on-month inflation (%),Ahafo,"Alcoholic beverages, tobacco and narcotics",All sources,2025-06,-4.4,ok,
gss.cpi,Month-on-month inflation (%),Ahafo,"Alcoholic beverages, tobacco and narcotics",All sources,2025-07,2.2,ok,
gss.cpi,Month-on-month inflation (%),Ahafo,"Alcoholic beverages, tobacco and narcotics",All sources,2025-08,1.1,ok,
gss.cpi,Month-on-month inflation (%),Ahafo,"Alcoholic beverages, tobacco and narcotics",All sources,2025-09,2.0,ok,
gss.cpi,Month-on-month inflation (%),Ahafo,"Alcoholic beverages, tobacco and narcotics",All sources,2025-10,0.3,ok,
gss.cpi,Month-on-month inflation (%),Ahafo,"Alcoholic beverages, tobacco and narcotics",All sources,2025-11,0.3,ok,
gss.cpi,Month-on-month inflation (%),Ahafo,"Alcoholic beverages, tobacco and narcotics",All sources,2025-12,1.7,ok,
gss.cpi,Month-on-month inflation (%),Ahafo,"Alcoholic beverages, tobacco and narcotics",All sources,2026-01,0.4,ok,
gss.cpi,Month-on-month inflation (%),Ahafo,All products,All sources,2021-02,0.2,ok,
gss.cpi,Month-on-month inflation (%),Ahafo,All products,All sources,2021-03,0.6,ok,
gss.cpi,Month-on-month inflation (%),Ahafo,All products,All sources,2021-04,2.1,ok,
gss.cpi,Month-on-month inflation (%),Ahafo,All products,All sources,2021-05,0.4,ok,
gss.cpi,Month-on-month inflation (%),Ahafo,All products,All sources,2021-06,1.2,ok,
gss.cpi,Month-on-month inflation (%),Ahafo,All products,All sources,2021-07,0.6,ok,
gss.cpi,Month-on-month inflation (%),Ahafo,All products,All sources,2021-08,1.5,ok,
gss.cpi,Month-on-month inflation (%),Ahafo,All products,All sources,2021-09,0.6,ok,
gss.cpi,Month-on-month inflation (%),Ahafo,All products,All sources,2021-10,1.9,ok,
gss.cpi,Month-on-month inflation (%),Ahafo,All products,All sources,2021-11,1.9,ok,
gss.cpi,Month-on-month inflation (%),Ahafo,All products,All sources,2021-12,0.7,ok,
gss.cpi,Month-on-month inflation (%),Ahafo,All products,All sources,2022-01,1.3,ok,
gss.cpi,Month-on-month inflation (%),Ahafo,All products,All sources,2022-02,4.0,ok,
gss.cpi,Month-on-month inflation (%),Ahafo,All products,All sources,2022-03,3.4,ok,
gss.cpi,Month-on-month inflation (%),Ahafo,All products,All sources,2022-04,4.0,ok,
gss.cpi,Month-on-month inflation (%),Ahafo,All products,All sources,2022-05,3.3,ok,
gss.cpi,Month-on-month inflation (%),Ahafo,All products,All sources,2022-06,4.7,ok,
gss.cpi,Month-on-month inflation (%),Ahafo,All products,All sources,2022-07,2.1,ok,
gss.cpi,Month-on-month inflation (%),Ahafo,All products,All sources,2022-08,0.7,ok,
gss.cpi,Month-on-month inflation (%),Ahafo,All products,All sources,2022-09,-0.6,ok,
gss.cpi,Month-on-month inflation (%),Ahafo,All products,All sources,2022-10,2.5,ok,
gss.cpi,Month-on-month inflation (%),Ahafo,All products,All sources,2022-11,9.9,ok,
gss.cpi,Month-on-month inflation (%),Ahafo,All products,All sources,2022-12,4.7,ok,
gss.cpi,Month-on-month inflation (%),Ahafo,All products,All sources,2023-01,1.8,ok,
gss.cpi,Month-on-month inflation (%),Ahafo,All products,All sources,2023-02,2.1,ok,
gss.cpi,Month-on-month inflation (%),Ahafo,All products,All sources,2023-03,-1.6,ok,
gss.cpi,Month-on-month inflation (%),Ahafo,All products,All sources,2023-04,2.3,ok,
gss.cpi,Month-on-month inflation (%),Ahafo,All products,All sources,2023-05,5.5,ok,
gss.cpi,Month-on-month inflation (%),Ahafo,All products,All sources,2023-06,2.5,ok,
gss.cpi,Month-on-month inflation (%),Ahafo,All products,All sources,2023-07,3.7,ok,
gss.cpi,Month-on-month inflation (%),Ahafo,All products,All sources,2023-08,-3.1,ok,
gss.cpi,Month-on-month inflation (%),Ahafo,All products,All sources,2023-09,1.1,ok,
gss.cpi,Month-on-month inflation (%),Ahafo,All products,All sources,2023-10,-0.4,ok,
gss.cpi,Month-on-month inflation (%),Ahafo,All products,All sources,2023-11,1.2,ok,
gss.cpi,Month-on-month inflation (%),Ahafo,All products,All sources,2023-12,1.4,ok,
gss.cpi,Month-on-month inflation (%),Ahafo,All products,All sources,2024-01,1.4,ok,
gss.cpi,Month-on-month inflation (%),Ahafo,All products,All sources,2024-02,1.5,ok,
gss.cpi,Month-on-month inflation (%),Ahafo,All products,All sources,2024-03,1.4,ok,
gss.cpi,Month-on-month inflation (%),Ahafo,All products,All sources,2024-04,1.5,ok,
gss.cpi,Month-on-month inflation (%),Ahafo,All products,All sources,2024-05,4.0,ok,
gss.cpi,Month-on-month inflation (%),Ahafo,All products,All sources,2024-06,4.5,ok,
gss.cpi,Month-on-month inflation (%),Ahafo,All products,All sources,2024-07,-0.1,ok,
gss.cpi,Month-on-month inflation (%),Ahafo,All products,All sources,2024-08,0.0,ok,
gss.cpi,Month-on-month inflation (%),Ahafo,All products,All sources,2024-09,1.8,ok,
gss.cpi,Month-on-month inflation (%),Ahafo,All products,All sources,2024-10,1.1,ok,
gss.cpi,Month-on-month inflation (%),Ahafo,All products,All sources,2024-11,2.1,ok,
gss.cpi,Month-on-month inflation (%),Ahafo,All products,All sources,2024-12,0.4,ok,
gss.cpi,Month-on-month inflation (%),Ahafo,All products,All sources,2025-01,1.6,ok,
gss.cpi,Month-on-month inflation (%),Ahafo,All products,All sources,2025-02,3.1,ok,
gss.cpi,Month-on-month inflation (%),Ahafo,All products,All sources,2025-03,-1.5,ok,
gss.cpi,Month-on-month inflation (%),Ahafo,All products,All sources,2025-04,0.3,ok,
gss.cpi,Month-on-month inflation (%),Ahafo,All products,All sources,2025-05,0.5,ok,
gss.cpi,Month-on-month inflation (%),Ahafo,All products,All sources,2025-06,-0.8,ok,
gss.cpi,Month-on-month inflation (%),Ahafo,All products,All sources,2025-07,1.5,ok,
gss.cpi,Month-on-month inflation (%),Ahafo,All products,All sources,2025-08,-1.6,ok,
gss.cpi,Month-on-month inflation (%),Ahafo,All products,All sources,2025-09,0.3,ok,
gss.cpi,Month-on-month inflation (%),Ahafo,All products,All sources,2025-10,0.2,ok,
gss.cpi,Month-on-month inflation (%),Ahafo,All products,All sources,2025-11,1.6,ok,
gss.cpi,Month-on-month inflation (%),Ahafo,All products,All sources,2025-12,1.1,ok,
gss.cpi,Month-on-month inflation (%),Ahafo,All products,All sources,2026-01,0.3,ok,
gss.cpi,Month-on-month inflation (%),Ahafo,Clothing and footwear,All sources,2021-02,0.0,ok,
gss.cpi,Month-on-month inflation (%),Ahafo,Clothing and footwear,All sources,2021-03,1.3,ok,
gss.cpi,Month-on-month inflation (%),Ahafo,Clothing and footwear,All sources,2021-04,4.0,ok,
gss.cpi,Month-on-month inflation (%),Ahafo,Clothing and footwear,All sources,2021-05,0.7,ok,
gss.cpi,Month-on-month inflation (%),Ahafo,Clothing and footwear,All sources,2021-06,0.6,ok,
gss.cpi,Month-on-month inflation (%),Ahafo,Clothing and footwear,All sources,2021-07,0.7,ok,
gss.cpi,Month-on-month inflation (%),Ahafo,Clothing and footwear,All sources,2021-08,1.5,ok,
gss.cpi,Month-on-month inflation (%),Ahafo,Clothing and footwear,All sources,2021-09,1.0,ok,
gss.cpi,Month-on-month inflation (%),Ahafo,Clothing and footwear,All sources,2021-10,3.6,ok,
gss.cpi,Month-on-month inflation (%),Ahafo,Clothing and footwear,All sources,2021-11,4.2,ok,
gss.cpi,Month-on-month inflation (%),Ahafo,Clothing and footwear,All sources,2021-12,2.1,ok,
gss.cpi,Month-on-month inflation (%),Ahafo,Clothing and footwear,All sources,2022-01,0.9,ok,
gss.cpi,Month-on-month inflation (%),Ahafo,Clothing and footwear,All sources,2022-02,2.1,ok,
gss.cpi,Month-on-month inflation (%),Ahafo,Clothing and footwear,All sources,2022-03,6.9,ok,
gss.cpi,Month-on-month inflation (%),Ahafo,Clothing and footwear,All sources,2022-04,0.9,ok,
gss.cpi,Month-on-month inflation (%),Ahafo,Clothing and footwear,All sources,2022-05,1.1,ok,
gss.cpi,Month-on-month inflation (%),Ahafo,Clothing and footwear,All sources,2022-06,2.5,ok,
gss.cpi,Month-on-month inflation (%),Ahafo,Clothing and footwear,All sources,2022-07,0.6,ok,
gss.cpi,Month-on-month inflation (%),Ahafo,Clothing and footwear,All sources,2022-08,0.3,ok,
gss.cpi,Month-on-month inflation (%),Ahafo,Clothing and footwear,All sources,2022-09,3.2,ok,
gss.cpi,Month-on-month inflation (%),Ahafo,Clothing and footwear,All sources,2022-10,6.1,ok,
gss.cpi,Month-on-month inflation (%),Ahafo,Clothing and footwear,All sources,2022-11,4.4,ok,
gss.cpi,Month-on-month inflation (%),Ahafo,Clothing and footwear,All sources,2022-12,8.3,ok,
gss.cpi,Month-on-month inflation (%),Ahafo,Clothing and footwear,All sources,2023-01,2.2,ok,
gss.cpi,Month-on-month inflation (%),Ahafo,Clothing and footwear,All sources,2023-02,3.3,ok,
gss.cpi,Month-on-month inflation (%),Ahafo,Clothing and footwear,All sources,2023-03,-2.5,ok,
gss.cpi,Month-on-month inflation (%),Ahafo,Clothing and footwear,All sources,2023-04,1.9,ok,
gss.cpi,Month-on-month inflation (%),Ahafo,Clothing and footwear,All sources,2023-05,4.1,ok,
gss.cpi,Month-on-month inflation (%),Ahafo,Clothing and footwear,All sources,2023-06,2.9,ok,
gss.cpi,Month-on-month inflation (%),Ahafo,Clothing and footwear,All sources,2023-07,2.8,ok,
gss.cpi,Month-on-month inflation (%),Ahafo,Clothing and footwear,All sources,2023-08,0.3,ok,
gss.cpi,Month-on-month inflation (%),Ahafo,Clothing and footwear,All sources,2023-09,2.3,ok,
gss.cpi,Month-on-month inflation (%),Ahafo,Clothing and footwear,All sources,2023-10,-0.3,ok,
gss.cpi,Month-on-month inflation (%),Ahafo,Clothing and footwear,All sources,2023-11,1.1,ok,
gss.cpi,Month-on-month inflation (%),Ahafo,Clothing and footwear,All sources,2023-12,-0.3,ok,
gss.cpi,Month-on-month inflation (%),Ahafo,Clothing and footwear,All sources,2024-01,0.4,ok,
gss.cpi,Month-on-month inflation (%),Ahafo,Clothing and footwear,All sources,2024-02,-0.4,ok,
gss.cpi,Month-on-month inflation (%),Ahafo,Clothing and footwear,All sources,2024-03,0.5,ok,
gss.cpi,Month-on-month inflation (%),Ahafo,Clothing and footwear,All sources,2024-04,-0.1,ok,
gss.cpi,Month-on-month inflation (%),Ahafo,Clothing and footwear,All sources,2024-05,1.6,ok,
gss.cpi,Month-on-month inflation (%),Ahafo,Clothing and footwear,All sources,2024-06,2.0,ok,
gss.cpi,Month-on-month inflation (%),Ahafo,Clothing and footwear,All sources,2024-07,2.3,ok,
gss.cpi,Month-on-month inflation (%),Ahafo,Clothing and footwear,All sources,2024-08,2.6,ok,
gss.cpi,Month-on-month inflation (%),Ahafo,Clothing and footwear,All sources,2024-09,0.5,ok,
gss.cpi,Month-on-month inflation (%),Ahafo,Clothing and footwear,All sources,2024-10,0.3,ok,
gss.cpi,Month-on-month inflation (%),Ahafo,Clothing and footwear,All sources,2024-11,1.3,ok,
gss.cpi,Month-on-month inflation (%),Ahafo,Clothing and footwear,All sources,2024-12,0.7,ok,
gss.cpi,Month-on-month inflation (%),Ahafo,Clothing and footwear,All sources,2025-01,0.1,ok,
gss.cpi,Month-on-month inflation (%),Ahafo,Clothing and footwear,All sources,2025-02,3.4,ok,
gss.cpi,Month-on-month inflation (%),Ahafo,Clothing and footwear,All sources,2025-03,1.2,ok,
gss.cpi,Month-on-month inflation (%),Ahafo,Clothing and footwear,All sources,2025-04,0.1,ok,
gss.cpi,Month-on-month inflation (%),Ahafo,Clothing and footwear,All sources,2025-05,2.1,ok,
gss.cpi,Month-on-month inflation (%),Ahafo,Clothing and footwear,All sources,2025-06,-1.4,ok,
gss.cpi,Month-on-month inflation (%),Ahafo,Clothing and footwear,All sources,2025-07,1.7,ok,
gss.cpi,Month-on-month inflation (%),Ahafo,Clothing and footwear,All sources,2025-08,0.3,ok,
gss.cpi,Month-on-month inflation (%),Ahafo,Clothing and footwear,All sources,2025-09,2.4,ok,
gss.cpi,Month-on-month inflation (%),Ahafo,Clothing and footwear,All sources,2025-10,0.0,ok,
gss.cpi,Month-on-month inflation (%),Ahafo,Clothing and footwear,All sources,2025-11,0.0,ok,
gss.cpi,Month-on-month inflation (%),Ahafo,Clothing and footwear,All sources,2025-12,0.1,ok,
gss.cpi,Month-on-month inflation (%),Ahafo,Clothing and footwear,All sources,2026-01,0.0,ok,
gss.cpi,Month-on-month inflation (%),Ahafo,Education services,All sources,2021-02,0.0,ok,
gss.cpi,Month-on-month inflation (%),Ahafo,Education services,All sources,2021-03,0.0,ok,
gss.cpi,Month-on-month inflation (%),Ahafo,Education services,All sources,2021-04,1.3,ok,
gss.cpi,Month-on-month inflation (%),Ahafo,Education services,All sources,2021-05,0.5,ok,
gss.cpi,Month-on-month inflation (%),Ahafo,Education services,All sources,2021-06,0.3,ok,
gss.cpi,Month-on-month inflation (%),Ahafo,Education services,All sources,2021-07,0.6,ok,
gss.cpi,Month-on-month inflation (%),Ahafo,Education services,All sources,2021-08,0.8,ok,
gss.cpi,Month-on-month inflation (%),Ahafo,Education services,All sources,2021-09,0.6,ok,
gss.cpi,Month-on-month inflation (%),Ahafo,Education services,All sources,2021-10,3.8,ok,
gss.cpi,Month-on-month inflation (%),Ahafo,Education services,All sources,2021-11,0.6,ok,
gss.cpi,Month-on-month inflation (%),Ahafo,Education services,All sources,2021-12,0.7,ok,
gss.cpi,Month-on-month inflation (%),Ahafo,Education services,All sources,2022-01,2.7,ok,
gss.cpi,Month-on-month inflation (%),Ahafo,Education services,All sources,2022-02,4.9,ok,
gss.cpi,Month-on-month inflation (%),Ahafo,Education services,All sources,2022-03,-2.1,ok,
gss.cpi,Month-on-month inflation (%),Ahafo,Education services,All sources,2022-04,0.4,ok,
gss.cpi,Month-on-month inflation (%),Ahafo,Education services,All sources,2022-05,4.5,ok,
gss.cpi,Month-on-month inflation (%),Ahafo,Education services,All sources,2022-06,3.5,ok,
gss.cpi,Month-on-month inflation (%),Ahafo,Education services,All sources,2022-07,0.0,ok,
gss.cpi,Month-on-month inflation (%),Ahafo,Education services,All sources,2022-08,3.5,ok,
gss.cpi,Month-on-month inflation (%),Ahafo,Education services,All sources,2022-09,-6.7,warn,mom_band
gss.cpi,Month-on-month inflation (%),Ahafo,Education services,All sources,2022-10,-0.5,ok,
gss.cpi,Month-on-month inflation (%),Ahafo,Education services,All sources,2022-11,0.0,ok,
gss.cpi,Month-on-month inflation (%),Ahafo,Education services,All sources,2022-12,0.0,ok,
gss.cpi,Month-on-month inflation (%),Ahafo,Education services,All sources,2023-01,0.0,ok,
gss.cpi,Month-on-month inflation (%),Ahafo,Education services,All sources,2023-02,0.5,ok,
gss.cpi,Month-on-month inflation (%),Ahafo,Education services,All sources,2023-03,-1.0,ok,
gss.cpi,Month-on-month inflation (%),Ahafo,Education services,All sources,2023-04,0.0,ok,
gss.cpi,Month-on-month inflation (%),Ahafo,Education services,All sources,2023-05,1.0,ok,
gss.cpi,Month-on-month inflation (%),Ahafo,Education services,All sources,2023-06,0.9,ok,
gss.cpi,Month-on-month inflation (%),Ahafo,Education services,All sources,2023-07,1.5,ok,
gss.cpi,Month-on-month inflation (%),Ahafo,Education services,All sources,2023-08,-2.3,ok,
gss.cpi,Month-on-month inflation (%),Ahafo,Education services,All sources,2023-09,0.0,ok,
gss.cpi,Month-on-month inflation (%),Ahafo,Education services,All sources,2023-10,2.0,ok,
gss.cpi,Month-on-month inflation (%),Ahafo,Education services,All sources,2023-11,2.8,ok,
gss.cpi,Month-on-month inflation (%),Ahafo,Education services,All sources,2023-12,0.0,ok,
gss.cpi,Month-on-month inflation (%),Ahafo,Education services,All sources,2024-01,4.1,ok,
gss.cpi,Month-on-month inflation (%),Ahafo,Education services,All sources,2024-02,8.8,ok,
gss.cpi,Month-on-month inflation (%),Ahafo,Education services,All sources,2024-03,0.4,ok,
gss.cpi,Month-on-month inflation (%),Ahafo,Education services,All sources,2024-04,1.3,ok,
gss.cpi,Month-on-month inflation (%),Ahafo,Education services,All sources,2024-05,2.7,ok,
gss.cpi,Month-on-month inflation (%),Ahafo,Education services,All sources,2024-06,0.0,ok,
gss.cpi,Month-on-month inflation (%),Ahafo,Education services,All sources,2024-07,0.0,ok,
gss.cpi,Month-on-month inflation (%),Ahafo,Education services,All sources,2024-08,0.3,ok,
gss.cpi,Month-on-month inflation (%),Ahafo,Education services,All sources,2024-09,0.4,ok,
gss.cpi,Month-on-month inflation (%),Ahafo,Education services,All sources,2024-10,7.0,ok,
gss.cpi,Month-on-month inflation (%),Ahafo,Education services,All sources,2024-11,2.4,ok,
gss.cpi,Month-on-month inflation (%),Ahafo,Education services,All sources,2024-12,0.0,ok,
gss.cpi,Month-on-month inflation (%),Ahafo,Education services,All sources,2025-01,0.0,ok,
gss.cpi,Month-on-month inflation (%),Ahafo,Education services,All sources,2025-02,1.7,ok,
gss.cpi,Month-on-month inflation (%),Ahafo,Education services,All sources,2025-03,1.5,ok,
gss.cpi,Month-on-month inflation (%),Ahafo,Education services,All sources,2025-04,-0.1,ok,
gss.cpi,Month-on-month inflation (%),Ahafo,Education services,All sources,2025-05,0.5,ok,
gss.cpi,Month-on-month inflation (%),Ahafo,Education services,All sources,2025-06,0.0,ok,
gss.cpi,Month-on-month inflation (%),Ahafo,Education services,All sources,2025-07,0.0,ok,
gss.cpi,Month-on-month inflation (%),Ahafo,Education services,All sources,2025-08,0.0,ok,
gss.cpi,Month-on-month inflation (%),Ahafo,Education services,All sources,2025-09,2.6,ok,
gss.cpi,Month-on-month inflation (%),Ahafo,Education services,All sources,2025-10,0.0,ok,
gss.cpi,Month-on-month inflation (%),Ahafo,Education services,All sources,2025-11,0.0,ok,
gss.cpi,Month-on-month inflation (%),Ahafo,Education services,All sources,2025-12,1.4,ok,
gss.cpi,Month-on-month inflation (%),Ahafo,Education services,All sources,2026-01,0.0,ok,
gss.cpi,Month-on-month inflation (%),Ahafo,Food,All sources,2021-02,0.3,ok,
gss.cpi,Month-on-month inflation (%),Ahafo,Food,All sources,2021-03,0.4,ok,
gss.cpi,Month-on-month inflation (%),Ahafo,Food,All sources,2021-04,1.7,ok,
gss.cpi,Month-on-month inflation (%),Ahafo,Food,All sources,2021-05,0.2,ok,
gss.cpi,Month-on-month inflation (%),Ahafo,Food,All sources,2021-06,0.8,ok,
gss.cpi,Month-on-month inflation (%),Ahafo,Food,All sources,2021-07,0.4,ok,
gss.cpi,Month-on-month inflation (%),Ahafo,Food,All sources,2021-08,1.6,ok,
gss.cpi,Month-on-month inflation (%),Ahafo,Food,All sources,2021-09,-0.5,ok,
gss.cpi,Month-on-month inflation (%),Ahafo,Food,All sources,2021-10,1.9,ok,
gss.cpi,Month-on-month inflation (%),Ahafo,Food,All sources,2021-11,2.0,ok,
gss.cpi,Month-on-month inflation (%),Ahafo,Food,All sources,2021-12,0.6,ok,
gss.cpi,Month-on-month inflation (%),Ahafo,Food,All sources,2022-01,1.5,ok,
gss.cpi,Month-on-month inflation (%),Ahafo,Food,All sources,2022-02,4.0,ok,
gss.cpi,Month-on-month inflation (%),Ahafo,Food,All sources,2022-03,1.6,ok,
gss.cpi,Month-on-month inflation (%),Ahafo,Food,All sources,2022-04,5.5,ok,
gss.cpi,Month-on-month inflation (%),Ahafo,Food,All sources,2022-05,2.4,ok,
gss.cpi,Month-on-month inflation (%),Ahafo,Food,All sources,2022-06,5.3,ok,
gss.cpi,Month-on-month inflation (%),Ahafo,Food,All sources,2022-07,2.5,ok,
gss.cpi,Month-on-month inflation (%),Ahafo,Food,All sources,2022-08,0.2,ok,
gss.cpi,Month-on-month inflation (%),Ahafo,Food,All sources,2022-09,-1.5,ok,
gss.cpi,Month-on-month inflation (%),Ahafo,Food,All sources,2022-10,2.0,ok,
gss.cpi,Month-on-month inflation (%),Ahafo,Food,All sources,2022-11,10.5,ok,
gss.cpi,Month-on-month inflation (%),Ahafo,Food,All sources,2022-12,4.8,ok,
gss.cpi,Month-on-month inflation (%),Ahafo,Food,All sources,2023-01,3.3,ok,
gss.cpi,Month-on-month inflation (%),Ahafo,Food,All sources,2023-02,1.3,ok,
gss.cpi,Month-on-month inflation (%),Ahafo,Food,All sources,2023-03,-1.7,ok,
gss.cpi,Month-on-month inflation (%),Ahafo,Food,All sources,2023-04,3.8,ok,
gss.cpi,Month-on-month inflation (%),Ahafo,Food,All sources,2023-05,7.3,ok,
gss.cpi,Month-on-month inflation (%),Ahafo,Food,All sources,2023-06,2.8,ok,
gss.cpi,Month-on-month inflation (%),Ahafo,Food,All sources,2023-07,4.6,ok,
gss.cpi,Month-on-month inflation (%),Ahafo,Food,All sources,2023-08,-4.6,ok,
gss.cpi,Month-on-month inflation (%),Ahafo,Food,All sources,2023-09,1.1,ok,
gss.cpi,Month-on-month inflation (%),Ahafo,Food,All sources,2023-10,-0.8,ok,
gss.cpi,Month-on-month inflation (%),Ahafo,Food,All sources,2023-11,1.3,ok,
gss.cpi,Month-on-month inflation (%),Ahafo,Food,All sources,2023-12,1.8,ok,
gss.cpi,Month-on-month inflation (%),Ahafo,Food,All sources,2024-01,1.3,ok,
gss.cpi,Month-on-month inflation (%),Ahafo,Food,All sources,2024-02,1.7,ok,
gss.cpi,Month-on-month inflation (%),Ahafo,Food,All sources,2024-03,2.1,ok,
gss.cpi,Month-on-month inflation (%),Ahafo,Food,All sources,2024-04,2.2,ok,
gss.cpi,Month-on-month inflation (%),Ahafo,Food,All sources,2024-05,4.2,ok,
gss.cpi,Month-on-month inflation (%),Ahafo,Food,All sources,2024-06,7.0,ok,
gss.cpi,Month-on-month inflation (%),Ahafo,Food,All sources,2024-07,-1.6,ok,
gss.cpi,Month-on-month inflation (%),Ahafo,Food,All sources,2024-08,-0.3,ok,
gss.cpi,Month-on-month inflation (%),Ahafo,Food,All sources,2024-09,2.4,ok,
gss.cpi,Month-on-month inflation (%),Ahafo,Food,All sources,2024-10,0.9,ok,
gss.cpi,Month-on-month inflation (%),Ahafo,Food,All sources,2024-11,2.7,ok,
gss.cpi,Month-on-month inflation (%),Ahafo,Food,All sources,2024-12,-0.1,ok,
gss.cpi,Month-on-month inflation (%),Ahafo,Food,All sources,2025-01,2.2,ok,
gss.cpi,Month-on-month inflation (%),Ahafo,Food,All sources,2025-02,3.9,ok,
gss.cpi,Month-on-month inflation (%),Ahafo,Food,All sources,2025-03,-3.1,ok,
gss.cpi,Month-on-month inflation (%),Ahafo,Food,All sources,2025-04,0.1,ok,
gss.cpi,Month-on-month inflation (%),Ahafo,Food,All sources,2025-05,0.2,ok,
gss.cpi,Month-on-month inflation (%),Ahafo,Food,All sources,2025-06,0.9,ok,
gss.cpi,Month-on-month inflation (%),Ahafo,Food,All sources,2025-07,1.8,ok,
gss.cpi,Month-on-month inflation (%),Ahafo,Food,All sources,2025-08,-3.4,ok,
gss.cpi,Month-on-month inflation (%),Ahafo,Food,All sources,2025-09,-0.4,ok,
gss.cpi,Month-on-month inflation (%),Ahafo,Food,All sources,2025-10,-0.1,ok,
gss.cpi,Month-on-month inflation (%),Ahafo,Food,All sources,2025-11,2.5,ok,
gss.cpi,Month-on-month inflation (%),Ahafo,Food,All sources,2025-12,1.0,ok,
gss.cpi,Month-on-month inflation (%),Ahafo,Food,All sources,2026-01,0.5,ok,
gss.cpi,Month-on-month inflation (%),Ahafo,Food and non-alcoholic beverages,All sources,2021-02,0.3,ok,
gss.cpi,Month-on-month inflation (%),Ahafo,Food and non-alcoholic beverages,All sources,2021-03,0.4,ok,
gss.cpi,Month-on-month inflation (%),Ahafo,Food and non-alcoholic beverages,All sources,2021-04,1.7,ok,
gss.cpi,Month-on-month inflation (%),Ahafo,Food and non-alcoholic beverages,All sources,2021-05,0.2,ok,
gss.cpi,Month-on-month inflation (%),Ahafo,Food and non-alcoholic beverages,All sources,2021-06,0.8,ok,
gss.cpi,Month-on-month inflation (%),Ahafo,Food and non-alcoholic beverages,All sources,2021-07,0.4,ok,
gss.cpi,Month-on-month inflation (%),Ahafo,Food and non-alcoholic beverages,All sources,2021-08,1.6,ok,
gss.cpi,Month-on-month inflation (%),Ahafo,Food and non-alcoholic beverages,All sources,2021-09,-0.5,ok,
gss.cpi,Month-on-month inflation (%),Ahafo,Food and non-alcoholic beverages,All sources,2021-10,1.9,ok,
gss.cpi,Month-on-month inflation (%),Ahafo,Food and non-alcoholic beverages,All sources,2021-11,2.0,ok,
gss.cpi,Month-on-month inflation (%),Ahafo,Food and non-alcoholic beverages,All sources,2021-12,0.6,ok,
gss.cpi,Month-on-month inflation (%),Ahafo,Food and non-alcoholic beverages,All sources,2022-01,1.5,ok,
gss.cpi,Month-on-month inflation (%),Ahafo,Food and non-alcoholic beverages,All sources,2022-02,4.0,ok,
gss.cpi,Month-on-month inflation (%),Ahafo,Food and non-alcoholic beverages,All sources,2022-03,1.6,ok,
gss.cpi,Month-on-month inflation (%),Ahafo,Food and non-alcoholic beverages,All sources,2022-04,5.5,ok,
gss.cpi,Month-on-month inflation (%),Ahafo,Food and non-alcoholic beverages,All sources,2022-05,2.4,ok,
gss.cpi,Month-on-month inflation (%),Ahafo,Food and non-alcoholic beverages,All sources,2022-06,5.3,ok,
gss.cpi,Month-on-month inflation (%),Ahafo,Food and non-alcoholic beverages,All sources,2022-07,2.5,ok,
gss.cpi,Month-on-month inflation (%),Ahafo,Food and non-alcoholic beverages,All sources,2022-08,0.2,ok,
gss.cpi,Month-on-month inflation (%),Ahafo,Food and non-alcoholic beverages,All sources,2022-09,-1.5,ok,
gss.cpi,Month-on-month inflation (%),Ahafo,Food and non-alcoholic beverages,All sources,2022-10,2.0,ok,
gss.cpi,Month-on-month inflation (%),Ahafo,Food and non-alcoholic beverages,All sources,2022-11,10.5,ok,
gss.cpi,Month-on-month inflation (%),Ahafo,Food and non-alcoholic beverages,All sources,2022-12,4.8,ok,
gss.cpi,Month-on-month inflation (%),Ahafo,Food and non-alcoholic beverages,All sources,2023-01,3.3,ok,
gss.cpi,Month-on-month inflation (%),Ahafo,Food and non-alcoholic beverages,All sources,2023-02,1.3,ok,
gss.cpi,Month-on-month inflation (%),Ahafo,Food and non-alcoholic beverages,All sources,2023-03,-1.7,ok,
gss.cpi,Month-on-month inflation (%),Ahafo,Food and non-alcoholic beverages,All sources,2023-04,3.8,ok,
gss.cpi,Month-on-month inflation (%),Ahafo,Food and non-alcoholic beverages,All sources,2023-05,7.3,ok,
gss.cpi,Month-on-month inflation (%),Ahafo,Food and non-alcoholic beverages,All sources,2023-06,2.8,ok,
gss.cpi,Month-on-month inflation (%),Ahafo,Food and non-alcoholic beverages,All sources,2023-07,4.6,ok,
gss.cpi,Month-on-month inflation (%),Ahafo,Food and non-alcoholic beverages,All sources,2023-08,-4.6,ok,
gss.cpi,Month-on-month inflation (%),Ahafo,Food and non-alcoholic beverages,All sources,2023-09,1.1,ok,
gss.cpi,Month-on-month inflation (%),Ahafo,Food and non-alcoholic beverages,All sources,2023-10,-0.8,ok,
gss.cpi,Month-on-month inflation (%),Ahafo,Food and non-alcoholic beverages,All sources,2023-11,1.3,ok,
gss.cpi,Month-on-month inflation (%),Ahafo,Food and non-alcoholic beverages,All sources,2023-12,1.8,ok,
gss.cpi,Month-on-month inflation (%),Ahafo,Food and non-alcoholic beverages,All sources,2024-01,1.3,ok,
gss.cpi,Month-on-month inflation (%),Ahafo,Food and non-alcoholic beverages,All sources,2024-02,1.7,ok,
gss.cpi,Month-on-month inflation (%),Ahafo,Food and non-alcoholic beverages,All sources,2024-03,2.1,ok,
gss.cpi,Month-on-month inflation (%),Ahafo,Food and non-alcoholic beverages,All sources,2024-04,2.2,ok,
gss.cpi,Month-on-month inflation (%),Ahafo,Food and non-alcoholic beverages,All sources,2024-05,4.2,ok,
gss.cpi,Month-on-month inflation (%),Ahafo,Food and non-alcoholic beverages,All sources,2024-06,7.0,ok,
gss.cpi,Month-on-month inflation (%),Ahafo,Food and non-alcoholic beverages,All sources,2024-07,-1.6,ok,
gss.cpi,Month-on-month inflation (%),Ahafo,Food and non-alcoholic beverages,All sources,2024-08,-0.3,ok,
gss.cpi,Month-on-month inflation (%),Ahafo,Food and non-alcoholic beverages,All sources,2024-09,2.4,ok,
gss.cpi,Month-on-month inflation (%),Ahafo,Food and non-alcoholic beverages,All sources,2024-10,0.9,ok,
gss.cpi,Month-on-month inflation (%),Ahafo,Food and non-alcoholic beverages,All sources,2024-11,2.7,ok,
gss.cpi,Month-on-month inflation (%),Ahafo,Food and non-alcoholic beverages,All sources,2024-12,-0.1,ok,
gss.cpi,Month-on-month inflation (%),Ahafo,Food and non-alcoholic beverages,All sources,2025-01,2.2,ok,
gss.cpi,Month-on-month inflation (%),Ahafo,Food and non-alcoholic beverages,All sources,2025-02,3.9,ok,
gss.cpi,Month-on-month inflation (%),Ahafo,Food and non-alcoholic beverages,All sources,2025-03,-3.1,ok,
gss.cpi,Month-on-month inflation (%),Ahafo,Food and non-alcoholic beverages,All sources,2025-04,0.1,ok,
gss.cpi,Month-on-month inflation (%),Ahafo,Food and non-alcoholic beverages,All sources,2025-05,0.2,ok,
gss.cpi,Month-on-month inflation (%),Ahafo,Food and non-alcoholic beverages,All sources,2025-06,0.9,ok,
gss.cpi,Month-on-month inflation (%),Ahafo,Food and non-alcoholic beverages,All sources,2025-07,1.8,ok,
gss.cpi,Month-on-month inflation (%),Ahafo,Food and non-alcoholic beverages,All sources,2025-08,-3.4,ok,
gss.cpi,Month-on-month inflation (%),Ahafo,Food and non-alcoholic beverages,All sources,2025-09,-0.4,ok,
gss.cpi,Month-on-month inflation (%),Ahafo,Food and non-alcoholic beverages,All sources,2025-10,-0.1,ok,
gss.cpi,Month-on-month inflation (%),Ahafo,Food and non-alcoholic beverages,All sources,2025-11,2.5,ok,
gss.cpi,Month-on-month inflation (%),Ahafo,Food and non-alcoholic beverages,All sources,2025-12,1.0,ok,
gss.cpi,Month-on-month inflation (%),Ahafo,Food and non-alcoholic beverages,All sources,2026-01,0.5,ok,
gss.cpi,Month-on-month inflation (%),Ahafo,"Furnishings, household equipment and routine household maintenance",All sources,2021-02,1.1,ok,
gss.cpi,Month-on-month inflation (%),Ahafo,"Furnishings, household equipment and routine household maintenance",All sources,2021-03,1.2,ok,
gss.cpi,Month-on-month inflation (%),Ahafo,"Furnishings, household equipment and routine household maintenance",All sources,2021-04,5.9,ok,
gss.cpi,Month-on-month inflation (%),Ahafo,"Furnishings, household equipment and routine household maintenance",All sources,2021-05,1.8,ok,
gss.cpi,Month-on-month inflation (%),Ahafo,"Furnishings, household equipment and routine household maintenance",All sources,2021-06,2.3,ok,
gss.cpi,Month-on-month inflation (%),Ahafo,"Furnishings, household equipment and routine household maintenance",All sources,2021-07,1.0,ok,
gss.cpi,Month-on-month inflation (%),Ahafo,"Furnishings, household equipment and routine household maintenance",All sources,2021-08,2.7,ok,
gss.cpi,Month-on-month inflation (%),Ahafo,"Furnishings, household equipment and routine household maintenance",All sources,2021-09,3.0,ok,
gss.cpi,Month-on-month inflation (%),Ahafo,"Furnishings, household equipment and routine household maintenance",All sources,2021-10,0.6,ok,
gss.cpi,Month-on-month inflation (%),Ahafo,"Furnishings, household equipment and routine household maintenance",All sources,2021-11,1.6,ok,
gss.cpi,Month-on-month inflation (%),Ahafo,"Furnishings, household equipment and routine household maintenance",All sources,2021-12,0.5,ok,
gss.cpi,Month-on-month inflation (%),Ahafo,"Furnishings, household equipment and routine household maintenance",All sources,2022-01,0.6,ok,
gss.cpi,Month-on-month inflation (%),Ahafo,"Furnishings, household equipment and routine household maintenance",All sources,2022-02,2.8,ok,
gss.cpi,Month-on-month inflation (%),Ahafo,"Furnishings, household equipment and routine household maintenance",All sources,2022-03,7.9,ok,
gss.cpi,Month-on-month inflation (%),Ahafo,"Furnishings, household equipment and routine household maintenance",All sources,2022-04,3.1,ok,
gss.cpi,Month-on-month inflation (%),Ahafo,"Furnishings, household equipment and routine household maintenance",All sources,2022-05,3.3,ok,
gss.cpi,Month-on-month inflation (%),Ahafo,"Furnishings, household equipment and routine household maintenance",All sources,2022-06,4.6,ok,
gss.cpi,Month-on-month inflation (%),Ahafo,"Furnishings, household equipment and routine household maintenance",All sources,2022-07,2.7,ok,
gss.cpi,Month-on-month inflation (%),Ahafo,"Furnishings, household equipment and routine household maintenance",All sources,2022-08,2.3,ok,
gss.cpi,Month-on-month inflation (%),Ahafo,"Furnishings, household equipment and routine household maintenance",All sources,2022-09,1.6,ok,
gss.cpi,Month-on-month inflation (%),Ahafo,"Furnishings, household equipment and routine household maintenance",All sources,2022-10,4.6,ok,
gss.cpi,Month-on-month inflation (%),Ahafo,"Furnishings, household equipment and routine household maintenance",All sources,2022-11,12.9,ok,
gss.cpi,Month-on-month inflation (%),Ahafo,"Furnishings, household equipment and routine household maintenance",All sources,2022-12,6.3,ok,
gss.cpi,Month-on-month inflation (%),Ahafo,"Furnishings, household equipment and routine household maintenance",All sources,2023-01,2.0,ok,
gss.cpi,Month-on-month inflation (%),Ahafo,"Furnishings, household equipment and routine household maintenance",All sources,2023-02,3.8,ok,
gss.cpi,Month-on-month inflation (%),Ahafo,"Furnishings, household equipment and routine household maintenance",All sources,2023-03,-1.5,ok,
gss.cpi,Month-on-month inflation (%),Ahafo,"Furnishings, household equipment and routine household maintenance",All sources,2023-04,0.7,ok,
gss.cpi,Month-on-month inflation (%),Ahafo,"Furnishings, household equipment and routine household maintenance",All sources,2023-05,7.4,ok,
gss.cpi,Month-on-month inflation (%),Ahafo,"Furnishings, household equipment and routine household maintenance",All sources,2023-06,2.2,ok,
gss.cpi,Month-on-month inflation (%),Ahafo,"Furnishings, household equipment and routine household maintenance",All sources,2023-07,4.5,ok,
gss.cpi,Month-on-month inflation (%),Ahafo,"Furnishings, household equipment and routine household maintenance",All sources,2023-08,-3.2,ok,
gss.cpi,Month-on-month inflation (%),Ahafo,"Furnishings, household equipment and routine household maintenance",All sources,2023-09,1.5,ok,
gss.cpi,Month-on-month inflation (%),Ahafo,"Furnishings, household equipment and routine household maintenance",All sources,2023-10,-0.7,ok,
gss.cpi,Month-on-month inflation (%),Ahafo,"Furnishings, household equipment and routine household maintenance",All sources,2023-11,0.6,ok,
gss.cpi,Month-on-month inflation (%),Ahafo,"Furnishings, household equipment and routine household maintenance",All sources,2023-12,1.0,ok,
gss.cpi,Month-on-month inflation (%),Ahafo,"Furnishings, household equipment and routine household maintenance",All sources,2024-01,3.1,ok,
gss.cpi,Month-on-month inflation (%),Ahafo,"Furnishings, household equipment and routine household maintenance",All sources,2024-02,0.4,ok,
gss.cpi,Month-on-month inflation (%),Ahafo,"Furnishings, household equipment and routine household maintenance",All sources,2024-03,0.5,ok,
gss.cpi,Month-on-month inflation (%),Ahafo,"Furnishings, household equipment and routine household maintenance",All sources,2024-04,0.3,ok,
gss.cpi,Month-on-month inflation (%),Ahafo,"Furnishings, household equipment and routine household maintenance",All sources,2024-05,1.0,ok,
gss.cpi,Month-on-month inflation (%),Ahafo,"Furnishings, household equipment and routine household maintenance",All sources,2024-06,1.2,ok,
gss.cpi,Month-on-month inflation (%),Ahafo,"Furnishings, household equipment and routine household maintenance",All sources,2024-07,2.0,ok,
gss.cpi,Month-on-month inflation (%),Ahafo,"Furnishings, household equipment and routine household maintenance",All sources,2024-08,-0.1,ok,
gss.cpi,Month-on-month inflation (%),Ahafo,"Furnishings, household equipment and routine household maintenance",All sources,2024-09,1.3,ok,
gss.cpi,Month-on-month inflation (%),Ahafo,"Furnishings, household equipment and routine household maintenance",All sources,2024-10,3.7,ok,
gss.cpi,Month-on-month inflation (%),Ahafo,"Furnishings, household equipment and routine household maintenance",All sources,2024-11,1.5,ok,
gss.cpi,Month-on-month inflation (%),Ahafo,"Furnishings, household equipment and routine household maintenance",All sources,2024-12,1.7,ok,
gss.cpi,Month-on-month inflation (%),Ahafo,"Furnishings, household equipment and routine household maintenance",All sources,2025-01,2.4,ok,
gss.cpi,Month-on-month inflation (%),Ahafo,"Furnishings, household equipment and routine household maintenance",All sources,2025-02,1.7,ok,
gss.cpi,Month-on-month inflation (%),Ahafo,"Furnishings, household equipment and routine household maintenance",All sources,2025-03,0.9,ok,
gss.cpi,Month-on-month inflation (%),Ahafo,"Furnishings, household equipment and routine household maintenance",All sources,2025-04,1.6,ok,
gss.cpi,Month-on-month inflation (%),Ahafo,"Furnishings, household equipment and routine household maintenance",All sources,2025-05,2.0,ok,
gss.cpi,Month-on-month inflation (%),Ahafo,"Furnishings, household equipment and routine household maintenance",All sources,2025-06,-0.8,ok,
gss.cpi,Month-on-month inflation (%),Ahafo,"Furnishings, household equipment and routine household maintenance",All sources,2025-07,1.7,ok,
gss.cpi,Month-on-month inflation (%),Ahafo,"Furnishings, household equipment and routine household maintenance",All sources,2025-08,1.3,ok,
gss.cpi,Month-on-month inflation (%),Ahafo,"Furnishings, household equipment and routine household maintenance",All sources,2025-09,0.0,ok,
gss.cpi,Month-on-month inflation (%),Ahafo,"Furnishings, household equipment and routine household maintenance",All sources,2025-10,1.8,ok,
gss.cpi,Month-on-month inflation (%),Ahafo,"Furnishings, household equipment and routine household maintenance",All sources,2025-11,0.5,ok,
gss.cpi,Month-on-month inflation (%),Ahafo,"Furnishings, household equipment and routine household maintenance",All sources,2025-12,0.4,ok,
gss.cpi,Month-on-month inflation (%),Ahafo,"Furnishings, household equipment and routine household maintenance",All sources,2026-01,0.4,ok,
gss.cpi,Month-on-month inflation (%),Ahafo,Health,All sources,2021-02,0.9,ok,
gss.cpi,Month-on-month inflation (%),Ahafo,Health,All sources,2021-03,0.7,ok,
gss.cpi,Month-on-month inflation (%),Ahafo,Health,All sources,2021-04,6.6,ok,
gss.cpi,Month-on-month inflation (%),Ahafo,Health,All sources,2021-05,1.4,ok,
gss.cpi,Month-on-month inflation (%),Ahafo,Health,All sources,2021-06,0.4,ok,
gss.cpi,Month-on-month inflation (%),Ahafo,Health,All sources,2021-07,0.7,ok,
gss.cpi,Month-on-month inflation (%),Ahafo,Health,All sources,2021-08,0.1,ok,
gss.cpi,Month-on-month inflation (%),Ahafo,Health,All sources,2021-09,2.1,ok,
gss.cpi,Month-on-month inflation (%),Ahafo,Health,All sources,2021-10,2.7,ok,
gss.cpi,Month-on-month inflation (%),Ahafo,Health,All sources,2021-11,0.3,ok,
gss.cpi,Month-on-month inflation (%),Ahafo,Health,All sources,2021-12,0.2,ok,
gss.cpi,Month-on-month inflation (%),Ahafo,Health,All sources,2022-01,0.0,ok,
gss.cpi,Month-on-month inflation (%),Ahafo,Health,All sources,2022-02,1.0,ok,
gss.cpi,Month-on-month inflation (%),Ahafo,Health,All sources,2022-03,3.7,ok,
gss.cpi,Month-on-month inflation (%),Ahafo,Health,All sources,2022-04,4.7,ok,
gss.cpi,Month-on-month inflation (%),Ahafo,Health,All sources,2022-05,4.3,ok,
gss.cpi,Month-on-month inflation (%),Ahafo,Health,All sources,2022-06,3.6,ok,
gss.cpi,Month-on-month inflation (%),Ahafo,Health,All sources,2022-07,0.3,ok,
gss.cpi,Month-on-month inflation (%),Ahafo,Health,All sources,2022-08,0.3,ok,
gss.cpi,Month-on-month inflation (%),Ahafo,Health,All sources,2022-09,1.2,ok,
gss.cpi,Month-on-month inflation (%),Ahafo,Health,All sources,2022-10,1.0,ok,
gss.cpi,Month-on-month inflation (%),Ahafo,Health,All sources,2022-11,7.8,ok,
gss.cpi,Month-on-month inflation (%),Ahafo,Health,All sources,2022-12,3.1,ok,
gss.cpi,Month-on-month inflation (%),Ahafo,Health,All sources,2023-01,1.1,ok,
gss.cpi,Month-on-month inflation (%),Ahafo,Health,All sources,2023-02,-2.4,ok,
gss.cpi,Month-on-month inflation (%),Ahafo,Health,All sources,2023-03,-3.0,ok,
gss.cpi,Month-on-month inflation (%),Ahafo,Health,All sources,2023-04,2.6,ok,
gss.cpi,Month-on-month inflation (%),Ahafo,Health,All sources,2023-05,3.3,ok,
gss.cpi,Month-on-month inflation (%),Ahafo,Health,All sources,2023-06,2.5,ok,
gss.cpi,Month-on-month inflation (%),Ahafo,Health,All sources,2023-07,4.7,ok,
gss.cpi,Month-on-month inflation (%),Ahafo,Health,All sources,2023-08,-0.6,ok,
gss.cpi,Month-on-month inflation (%),Ahafo,Health,All sources,2023-09,-0.2,ok,
gss.cpi,Month-on-month inflation (%),Ahafo,Health,All sources,2023-10,-0.6,ok,
gss.cpi,Month-on-month inflation (%),Ahafo,Health,All sources,2023-11,1.1,ok,
gss.cpi,Month-on-month inflation (%),Ahafo,Health,All sources,2023-12,3.1,ok,
gss.cpi,Month-on-month inflation (%),Ahafo,Health,All sources,2024-01,2.5,ok,
gss.cpi,Month-on-month inflation (%),Ahafo,Health,All sources,2024-02,0.8,ok,
gss.cpi,Month-on-month inflation (%),Ahafo,Health,All sources,2024-03,-0.5,ok,
gss.cpi,Month-on-month inflation (%),Ahafo,Health,All sources,2024-04,0.4,ok,
gss.cpi,Month-on-month inflation (%),Ahafo,Health,All sources,2024-05,1.6,ok,
gss.cpi,Month-on-month inflation (%),Ahafo,Health,All sources,2024-06,0.2,ok,
gss.cpi,Month-on-month inflation (%),Ahafo,Health,All sources,2024-07,2.9,ok,
gss.cpi,Month-on-month inflation (%),Ahafo,Health,All sources,2024-08,0.3,ok,
gss.cpi,Month-on-month inflation (%),Ahafo,Health,All sources,2024-09,2.5,ok,
gss.cpi,Month-on-month inflation (%),Ahafo,Health,All sources,2024-10,1.1,ok,
gss.cpi,Month-on-month inflation (%),Ahafo,Health,All sources,2024-11,0.0,ok,
gss.cpi,Month-on-month inflation (%),Ahafo,Health,All sources,2024-12,1.5,ok,
gss.cpi,Month-on-month inflation (%),Ahafo,Health,All sources,2025-01,0.7,ok,
gss.cpi,Month-on-month inflation (%),Ahafo,Health,All sources,2025-02,1.6,ok,
gss.cpi,Month-on-month inflation (%),Ahafo,Health,All sources,2025-03,-0.4,ok,
gss.cpi,Month-on-month inflation (%),Ahafo,Health,All sources,2025-04,0.6,ok,
gss.cpi,Month-on-month inflation (%),Ahafo,Health,All sources,2025-05,-0.1,ok,
gss.cpi,Month-on-month inflation (%),Ahafo,Health,All sources,2025-06,-1.1,ok,
gss.cpi,Month-on-month inflation (%),Ahafo,Health,All sources,2025-07,0.4,ok,
gss.cpi,Month-on-month inflation (%),Ahafo,Health,All sources,2025-08,0.9,ok,
gss.cpi,Month-on-month inflation (%),Ahafo,Health,All sources,2025-09,1.2,ok,
gss.cpi,Month-on-month inflation (%),Ahafo,Health,All sources,2025-10,0.0,ok,
gss.cpi,Month-on-month inflation (%),Ahafo,Health,All sources,2025-11,0.6,ok,
gss.cpi,Month-on-month inflation (%),Ahafo,Health,All sources,2025-12,2.3,ok,
gss.cpi,Month-on-month inflation (%),Ahafo,Health,All sources,2026-01,-0.2,ok,
gss.cpi,Month-on-month inflation (%),Ahafo,"Housing, water, electricity, gas and other fuels",All sources,2021-02,0.1,ok,
gss.cpi,Month-on-month inflation (%),Ahafo,"Housing, water, electricity, gas and other fuels",All sources,2021-03,1.4,ok,
gss.cpi,Month-on-month inflation (%),Ahafo,"Housing, water, electricity, gas and other fuels",All sources,2021-04,2.4,ok,
gss.cpi,Month-on-month inflation (%),Ahafo,"Housing, water, electricity, gas and other fuels",All sources,2021-05,0.3,ok,
gss.cpi,Month-on-month inflation (%),Ahafo,"Housing, water, electricity, gas and other fuels",All sources,2021-06,0.5,ok,
gss.cpi,Month-on-month inflation (%),Ahafo,"Housing, water, electricity, gas and other fuels",All sources,2021-07,0.1,ok,
gss.cpi,Month-on-month inflation (%),Ahafo,"Housing, water, electricity, gas and other fuels",All sources,2021-08,2.9,ok,
gss.cpi,Month-on-month inflation (%),Ahafo,"Housing, water, electricity, gas and other fuels",All sources,2021-09,1.3,ok,
gss.cpi,Month-on-month inflation (%),Ahafo,"Housing, water, electricity, gas and other fuels",All sources,2021-10,1.3,ok,
gss.cpi,Month-on-month inflation (%),Ahafo,"Housing, water, electricity, gas and other fuels",All sources,2021-11,3.1,ok,
gss.cpi,Month-on-month inflation (%),Ahafo,"Housing, water, electricity, gas and other fuels",All sources,2021-12,1.1,ok,
gss.cpi,Month-on-month inflation (%),Ahafo,"Housing, water, electricity, gas and other fuels",All sources,2022-01,0.9,ok,
gss.cpi,Month-on-month inflation (%),Ahafo,"Housing, water, electricity, gas and other fuels",All sources,2022-02,0.8,ok,
gss.cpi,Month-on-month inflation (%),Ahafo,"Housing, water, electricity, gas and other fuels",All sources,2022-03,6.2,ok,
gss.cpi,Month-on-month inflation (%),Ahafo,"Housing, water, electricity, gas and other fuels",All sources,2022-04,4.8,ok,
gss.cpi,Month-on-month inflation (%),Ahafo,"Housing, water, electricity, gas and other fuels",All sources,2022-05,4.2,ok,
gss.cpi,Month-on-month inflation (%),Ahafo,"Housing, water, electricity, gas and other fuels",All sources,2022-06,6.6,ok,
gss.cpi,Month-on-month inflation (%),Ahafo,"Housing, water, electricity, gas and other fuels",All sources,2022-07,1.1,ok,
gss.cpi,Month-on-month inflation (%),Ahafo,"Housing, water, electricity, gas and other fuels",All sources,2022-08,0.8,ok,
gss.cpi,Month-on-month inflation (%),Ahafo,"Housing, water, electricity, gas and other fuels",All sources,2022-09,0.8,ok,
gss.cpi,Month-on-month inflation (%),Ahafo,"Housing, water, electricity, gas and other fuels",All sources,2022-10,6.4,ok,
gss.cpi,Month-on-month inflation (%),Ahafo,"Housing, water, electricity, gas and other fuels",All sources,2022-11,7.6,ok,
gss.cpi,Month-on-month inflation (%),Ahafo,"Housing, water, electricity, gas and other fuels",All sources,2022-12,5.4,ok,
gss.cpi,Month-on-month inflation (%),Ahafo,"Housing, water, electricity, gas and other fuels",All sources,2023-01,1.1,ok,
gss.cpi,Month-on-month inflation (%),Ahafo,"Housing, water, electricity, gas and other fuels",All sources,2023-02,3.8,ok,
gss.cpi,Month-on-month inflation (%),Ahafo,"Housing, water, electricity, gas and other fuels",All sources,2023-03,-1.2,ok,
gss.cpi,Month-on-month inflation (%),Ahafo,"Housing, water, electricity, gas and other fuels",All sources,2023-04,1.7,ok,
gss.cpi,Month-on-month inflation (%),Ahafo,"Housing, water, electricity, gas and other fuels",All sources,2023-05,1.5,ok,
gss.cpi,Month-on-month inflation (%),Ahafo,"Housing, water, electricity, gas and other fuels",All sources,2023-06,1.6,ok,
gss.cpi,Month-on-month inflation (%),Ahafo,"Housing, water, electricity, gas and other fuels",All sources,2023-07,1.5,ok,
gss.cpi,Month-on-month inflation (%),Ahafo,"Housing, water, electricity, gas and other fuels",All sources,2023-08,-2.2,ok,
gss.cpi,Month-on-month inflation (%),Ahafo,"Housing, water, electricity, gas and other fuels",All sources,2023-09,-0.5,ok,
gss.cpi,Month-on-month inflation (%),Ahafo,"Housing, water, electricity, gas and other fuels",All sources,2023-10,-0.9,ok,
gss.cpi,Month-on-month inflation (%),Ahafo,"Housing, water, electricity, gas and other fuels",All sources,2023-11,0.3,ok,
gss.cpi,Month-on-month inflation (%),Ahafo,"Housing, water, electricity, gas and other fuels",All sources,2023-12,0.9,ok,
gss.cpi,Month-on-month inflation (%),Ahafo,"Housing, water, electricity, gas and other fuels",All sources,2024-01,0.1,ok,
gss.cpi,Month-on-month inflation (%),Ahafo,"Housing, water, electricity, gas and other fuels",All sources,2024-02,-0.3,ok,
gss.cpi,Month-on-month inflation (%),Ahafo,"Housing, water, electricity, gas and other fuels",All sources,2024-03,-0.6,ok,
gss.cpi,Month-on-month inflation (%),Ahafo,"Housing, water, electricity, gas and other fuels",All sources,2024-04,2.1,ok,
gss.cpi,Month-on-month inflation (%),Ahafo,"Housing, water, electricity, gas and other fuels",All sources,2024-05,-0.2,ok,
gss.cpi,Month-on-month inflation (%),Ahafo,"Housing, water, electricity, gas and other fuels",All sources,2024-06,2.0,ok,
gss.cpi,Month-on-month inflation (%),Ahafo,"Housing, water, electricity, gas and other fuels",All sources,2024-07,0.2,ok,
gss.cpi,Month-on-month inflation (%),Ahafo,"Housing, water, electricity, gas and other fuels",All sources,2024-08,1.0,ok,
gss.cpi,Month-on-month inflation (%),Ahafo,"Housing, water, electricity, gas and other fuels",All sources,2024-09,1.8,ok,
gss.cpi,Month-on-month inflation (%),Ahafo,"Housing, water, electricity, gas and other fuels",All sources,2024-10,1.3,ok,
gss.cpi,Month-on-month inflation (%),Ahafo,"Housing, water, electricity, gas and other fuels",All sources,2024-11,1.3,ok,
gss.cpi,Month-on-month inflation (%),Ahafo,"Housing, water, electricity, gas and other fuels",All sources,2024-12,1.2,ok,
gss.cpi,Month-on-month inflation (%),Ahafo,"Housing, water, electricity, gas and other fuels",All sources,2025-01,1.0,ok,
gss.cpi,Month-on-month inflation (%),Ahafo,"Housing, water, electricity, gas and other fuels",All sources,2025-02,2.2,ok,
gss.cpi,Month-on-month inflation (%),Ahafo,"Housing, water, electricity, gas and other fuels",All sources,2025-03,0.8,ok,
gss.cpi,Month-on-month inflation (%),Ahafo,"Housing, water, electricity, gas and other fuels",All sources,2025-04,1.6,ok,
gss.cpi,Month-on-month inflation (%),Ahafo,"Housing, water, electricity, gas and other fuels",All sources,2025-05,0.7,ok,
gss.cpi,Month-on-month inflation (%),Ahafo,"Housing, water, electricity, gas and other fuels",All sources,2025-06,0.5,ok,
gss.cpi,Month-on-month inflation (%),Ahafo,"Housing, water, electricity, gas and other fuels",All sources,2025-07,0.6,ok,
gss.cpi,Month-on-month inflation (%),Ahafo,"Housing, water, electricity, gas and other fuels",All sources,2025-08,-0.9,ok,
gss.cpi,Month-on-month inflation (%),Ahafo,"Housing, water, electricity, gas and other fuels",All sources,2025-09,1.7,ok,
gss.cpi,Month-on-month inflation (%),Ahafo,"Housing, water, electricity, gas and other fuels",All sources,2025-10,0.0,ok,
gss.cpi,Month-on-month inflation (%),Ahafo,"Housing, water, electricity, gas and other fuels",All sources,2025-11,0.0,ok,
gss.cpi,Month-on-month inflation (%),Ahafo,"Housing, water, electricity, gas and other fuels",All sources,2025-12,6.8,ok,
gss.cpi,Month-on-month inflation (%),Ahafo,"Housing, water, electricity, gas and other fuels",All sources,2026-01,1.7,ok,
gss.cpi,Month-on-month inflation (%),Ahafo,Information and communication,All sources,2021-02,0.0,ok,
gss.cpi,Month-on-month inflation (%),Ahafo,Information and communication,All sources,2021-03,1.1,ok,
gss.cpi,Month-on-month inflation (%),Ahafo,Information and communication,All sources,2021-04,1.3,ok,
gss.cpi,Month-on-month inflation (%),Ahafo,Information and communication,All sources,2021-05,0.1,ok,
gss.cpi,Month-on-month inflation (%),Ahafo,Information and communication,All sources,2021-06,0.0,ok,
gss.cpi,Month-on-month inflation (%),Ahafo,Information and communication,All sources,2021-07,0.2,ok,
gss.cpi,Month-on-month inflation (%),Ahafo,Information and communication,All sources,2021-08,0.0,ok,
gss.cpi,Month-on-month inflation (%),Ahafo,Information and communication,All sources,2021-09,2.2,ok,
gss.cpi,Month-on-month inflation (%),Ahafo,Information and communication,All sources,2021-10,0.0,ok,
gss.cpi,Month-on-month inflation (%),Ahafo,Information and communication,All sources,2021-11,0.4,ok,
gss.cpi,Month-on-month inflation (%),Ahafo,Information and communication,All sources,2021-12,0.0,ok,
gss.cpi,Month-on-month inflation (%),Ahafo,Information and communication,All sources,2022-01,0.2,ok,
gss.cpi,Month-on-month inflation (%),Ahafo,Information and communication,All sources,2022-02,7.1,ok,
gss.cpi,Month-on-month inflation (%),Ahafo,Information and communication,All sources,2022-03,2.0,ok,
gss.cpi,Month-on-month inflation (%),Ahafo,Information and communication,All sources,2022-04,0.0,ok,
gss.cpi,Month-on-month inflation (%),Ahafo,Information and communication,All sources,2022-05,5.1,ok,
gss.cpi,Month-on-month inflation (%),Ahafo,Information and communication,All sources,2022-06,2.9,ok,
gss.cpi,Month-on-month inflation (%),Ahafo,Information and communication,All sources,2022-07,0.2,ok,
gss.cpi,Month-on-month inflation (%),Ahafo,Information and communication,All sources,2022-08,0.4,ok,
gss.cpi,Month-on-month inflation (%),Ahafo,Information and communication,All sources,2022-09,0.6,ok,
gss.cpi,Month-on-month inflation (%),Ahafo,Information and communication,All sources,2022-10,0.4,ok,
gss.cpi,Month-on-month inflation (%),Ahafo,Information and communication,All sources,2022-11,3.0,ok,
gss.cpi,Month-on-month inflation (%),Ahafo,Information and communication,All sources,2022-12,1.2,ok,
gss.cpi,Month-on-month inflation (%),Ahafo,Information and communication,All sources,2023-01,0.6,ok,
gss.cpi,Month-on-month inflation (%),Ahafo,Information and communication,All sources,2023-02,0.5,ok,
gss.cpi,Month-on-month inflation (%),Ahafo,Information and communication,All sources,2023-03,0.3,ok,
gss.cpi,Month-on-month inflation (%),Ahafo,Information and communication,All sources,2023-04,0.4,ok,
gss.cpi,Month-on-month inflation (%),Ahafo,Information and communication,All sources,2023-05,1.3,ok,
gss.cpi,Month-on-month inflation (%),Ahafo,Information and communication,All sources,2023-06,0.5,ok,
gss.cpi,Month-on-month inflation (%),Ahafo,Information and communication,All sources,2023-07,0.1,ok,
gss.cpi,Month-on-month inflation (%),Ahafo,Information and communication,All sources,2023-08,1.0,ok,
gss.cpi,Month-on-month inflation (%),Ahafo,Information and communication,All sources,2023-09,1.7,ok,
gss.cpi,Month-on-month inflation (%),Ahafo,Information and communication,All sources,2023-10,0.0,ok,
gss.cpi,Month-on-month inflation (%),Ahafo,Information and communication,All sources,2023-11,0.1,ok,
gss.cpi,Month-on-month inflation (%),Ahafo,Information and communication,All sources,2023-12,-0.6,ok,
gss.cpi,Month-on-month inflation (%),Ahafo,Information and communication,All sources,2024-01,0.7,ok,
gss.cpi,Month-on-month inflation (%),Ahafo,Information and communication,All sources,2024-02,-0.6,ok,
gss.cpi,Month-on-month inflation (%),Ahafo,Information and communication,All sources,2024-03,-0.1,ok,
gss.cpi,Month-on-month inflation (%),Ahafo,Information and communication,All sources,2024-04,0.0,ok,
gss.cpi,Month-on-month inflation (%),Ahafo,Information and communication,All sources,2024-05,0.1,ok,
gss.cpi,Month-on-month inflation (%),Ahafo,Information and communication,All sources,2024-06,0.1,ok,
gss.cpi,Month-on-month inflation (%),Ahafo,Information and communication,All sources,2024-07,11.9,ok,
gss.cpi,Month-on-month inflation (%),Ahafo,Information and communication,All sources,2024-08,-1.0,ok,
gss.cpi,Month-on-month inflation (%),Ahafo,Information and communication,All sources,2024-09,1.3,ok,
gss.cpi,Month-on-month inflation (%),Ahafo,Information and communication,All sources,2024-10,-9.1,warn,mom_band
gss.cpi,Month-on-month inflation (%),Ahafo,Information and communication,All sources,2024-11,0.1,ok,
gss.cpi,Month-on-month inflation (%),Ahafo,Information and communication,All sources,2024-12,4.6,ok,
gss.cpi,Month-on-month inflation (%),Ahafo,Information and communication,All sources,2025-01,0.0,ok,
gss.cpi,Month-on-month inflation (%),Ahafo,Information and communication,All sources,2025-02,0.3,ok,
gss.cpi,Month-on-month inflation (%),Ahafo,Information and communication,All sources,2025-03,1.1,ok,
gss.cpi,Month-on-month inflation (%),Ahafo,Information and communication,All sources,2025-04,1.6,ok,
gss.cpi,Month-on-month inflation (%),Ahafo,Information and communication,All sources,2025-05,0.6,ok,
gss.cpi,Month-on-month inflation (%),Ahafo,Information and communication,All sources,2025-06,0.0,ok,
gss.cpi,Month-on-month inflation (%),Ahafo,Information and communication,All sources,2025-07,3.9,ok,
gss.cpi,Month-on-month inflation (%),Ahafo,Information and communication,All sources,2025-08,0.0,ok,
gss.cpi,Month-on-month inflation (%),Ahafo,Information and communication,All sources,2025-09,0.0,ok,
gss.cpi,Month-on-month inflation (%),Ahafo,Information and communication,All sources,2025-10,0.0,ok,
gss.cpi,Month-on-month inflation (%),Ahafo,Information and communication,All sources,2025-11,0.0,ok,
gss.cpi,Month-on-month inflation (%),Ahafo,Information and communication,All sources,2025-12,0.1,ok,
gss.cpi,Month-on-month inflation (%),Ahafo,Information and communication,All sources,2026-01,0.0,ok,
gss.cpi,Month-on-month inflation (%),Ahafo,Insurance and financial services,All sources,2021-02,0.0,ok,
gss.cpi,Month-on-month inflation (%),Ahafo,Insurance and financial services,All sources,2021-03,0.0,ok,
gss.cpi,Month-on-month inflation (%),Ahafo,Insurance and financial services,All sources,2021-04,0.0,ok,
gss.cpi,Month-on-month inflation (%),Ahafo,Insurance and financial services,All sources,2021-05,0.0,ok,
gss.cpi,Month-on-month inflation (%),Ahafo,Insurance and financial services,All sources,2021-06,0.0,ok,
gss.cpi,Month-on-month inflation (%),Ahafo,Insurance and financial services,All sources,2021-07,0.1,ok,
gss.cpi,Month-on-month inflation (%),Ahafo,Insurance and financial services,All sources,2021-08,0.0,ok,
gss.cpi,Month-on-month inflation (%),Ahafo,Insurance and financial services,All sources,2021-09,0.0,ok,
gss.cpi,Month-on-month inflation (%),Ahafo,Insurance and financial services,All sources,2021-10,0.0,ok,
gss.cpi,Month-on-month inflation (%),Ahafo,Insurance and financial services,All sources,2021-11,0.0,ok,
gss.cpi,Month-on-month inflation (%),Ahafo,Insurance and financial services,All sources,2021-12,0.0,ok,
gss.cpi,Month-on-month inflation (%),Ahafo,Insurance and financial services,All sources,2022-01,0.0,ok,
gss.cpi,Month-on-month inflation (%),Ahafo,Insurance and financial services,All sources,2022-02,0.0,ok,
gss.cpi,Month-on-month inflation (%),Ahafo,Insurance and financial services,All sources,2022-03,0.0,ok,
gss.cpi,Month-on-month inflation (%),Ahafo,Insurance and financial services,All sources,2022-04,0.0,ok,
gss.cpi,Month-on-month inflation (%),Ahafo,Insurance and financial services,All sources,2022-05,0.0,ok,
gss.cpi,Month-on-month inflation (%),Ahafo,Insurance and financial services,All sources,2022-06,0.0,ok,
gss.cpi,Month-on-month inflation (%),Ahafo,Insurance and financial services,All sources,2022-07,0.0,ok,
gss.cpi,Month-on-month inflation (%),Ahafo,Insurance and financial services,All sources,2022-08,0.0,ok,
gss.cpi,Month-on-month inflation (%),Ahafo,Insurance and financial services,All sources,2022-09,0.0,ok,
gss.cpi,Month-on-month inflation (%),Ahafo,Insurance and financial services,All sources,2022-10,7.2,ok,
gss.cpi,Month-on-month inflation (%),Ahafo,Insurance and financial services,All sources,2022-11,0.0,ok,
gss.cpi,Month-on-month inflation (%),Ahafo,Insurance and financial services,All sources,2022-12,-6.7,warn,mom_band
gss.cpi,Month-on-month inflation (%),Ahafo,Insurance and financial services,All sources,2023-01,0.0,ok,
gss.cpi,Month-on-month inflation (%),Ahafo,Insurance and financial services,All sources,2023-02,0.0,ok,
gss.cpi,Month-on-month inflation (%),Ahafo,Insurance and financial services,All sources,2023-03,0.7,ok,
gss.cpi,Month-on-month inflation (%),Ahafo,Insurance and financial services,All sources,2023-04,0.0,ok,
gss.cpi,Month-on-month inflation (%),Ahafo,Insurance and financial services,All sources,2023-05,0.1,ok,
gss.cpi,Month-on-month inflation (%),Ahafo,Insurance and financial services,All sources,2023-06,0.1,ok,
gss.cpi,Month-on-month inflation (%),Ahafo,Insurance and financial services,All sources,2023-07,0.1,ok,
gss.cpi,Month-on-month inflation (%),Ahafo,Insurance and financial services,All sources,2023-08,7.1,ok,
gss.cpi,Month-on-month inflation (%),Ahafo,Insurance and financial services,All sources,2023-09,0.0,ok,
gss.cpi,Month-on-month inflation (%),Ahafo,Insurance and financial services,All sources,2023-10,-0.5,ok,
gss.cpi,Month-on-month inflation (%),Ahafo,Insurance and financial services,All sources,2023-11,0.0,ok,
gss.cpi,Month-on-month inflation (%),Ahafo,Insurance and financial services,All sources,2023-12,-6.2,warn,mom_band
gss.cpi,Month-on-month inflation (%),Ahafo,Insurance and financial services,All sources,2024-01,0.5,ok,
gss.cpi,Month-on-month inflation (%),Ahafo,Insurance and financial services,All sources,2024-02,0.1,ok,
gss.cpi,Month-on-month inflation (%),Ahafo,Insurance and financial services,All sources,2024-03,0.0,ok,
gss.cpi,Month-on-month inflation (%),Ahafo,Insurance and financial services,All sources,2024-04,6.6,ok,
gss.cpi,Month-on-month inflation (%),Ahafo,Insurance and financial services,All sources,2024-05,1.1,ok,
gss.cpi,Month-on-month inflation (%),Ahafo,Insurance and financial services,All sources,2024-06,0.9,ok,
gss.cpi,Month-on-month inflation (%),Ahafo,Insurance and financial services,All sources,2024-07,-0.9,ok,
gss.cpi,Month-on-month inflation (%),Ahafo,Insurance and financial services,All sources,2024-08,1.2,ok,
gss.cpi,Month-on-month inflation (%),Ahafo,Insurance and financial services,All sources,2024-09,0.0,ok,
gss.cpi,Month-on-month inflation (%),Ahafo,Insurance and financial services,All sources,2024-10,0.0,ok,
gss.cpi,Month-on-month inflation (%),Ahafo,Insurance and financial services,All sources,2024-11,0.0,ok,
gss.cpi,Month-on-month inflation (%),Ahafo,Insurance and financial services,All sources,2024-12,0.0,ok,
gss.cpi,Month-on-month inflation (%),Ahafo,Insurance and financial services,All sources,2025-01,0.0,ok,
gss.cpi,Month-on-month inflation (%),Ahafo,Insurance and financial services,All sources,2025-02,0.0,ok,
gss.cpi,Month-on-month inflation (%),Ahafo,Insurance and financial services,All sources,2025-03,0.0,ok,
gss.cpi,Month-on-month inflation (%),Ahafo,Insurance and financial services,All sources,2025-04,0.0,ok,
gss.cpi,Month-on-month inflation (%),Ahafo,Insurance and financial services,All sources,2025-05,-6.0,warn,mom_band
gss.cpi,Month-on-month inflation (%),Ahafo,Insurance and financial services,All sources,2025-06,-12.8,warn,mom_band
gss.cpi,Month-on-month inflation (%),Ahafo,Insurance and financial services,All sources,2025-07,-79.5,warn,mom_band
gss.cpi,Month-on-month inflation (%),Ahafo,Insurance and financial services,All sources,2025-08,0.0,ok,
gss.cpi,Month-on-month inflation (%),Ahafo,Insurance and financial services,All sources,2025-09,0.0,ok,
gss.cpi,Month-on-month inflation (%),Ahafo,Insurance and financial services,All sources,2025-10,0.0,ok,
gss.cpi,Month-on-month inflation (%),Ahafo,Insurance and financial services,All sources,2025-11,0.0,ok,
gss.cpi,Month-on-month inflation (%),Ahafo,Insurance and financial services,All sources,2025-12,0.0,ok,
gss.cpi,Month-on-month inflation (%),Ahafo,Insurance and financial services,All sources,2026-01,0.0,ok,
gss.cpi,Month-on-month inflation (%),Ahafo,Non-food,All sources,2021-02,,held,mom_consistency
gss.cpi,Month-on-month inflation (%),Ahafo,Non-food,All sources,2021-03,,held,mom_consistency
gss.cpi,Month-on-month inflation (%),Ahafo,Non-food,All sources,2021-04,,held,mom_consistency
gss.cpi,Month-on-month inflation (%),Ahafo,Non-food,All sources,2021-05,,held,mom_consistency
gss.cpi,Month-on-month inflation (%),Ahafo,Non-food,All sources,2021-06,,held,mom_consistency
gss.cpi,Month-on-month inflation (%),Ahafo,Non-food,All sources,2021-07,0.7,ok,
gss.cpi,Month-on-month inflation (%),Ahafo,Non-food,All sources,2021-08,1.6,warn,mom_consistency
gss.cpi,Month-on-month inflation (%),Ahafo,Non-food,All sources,2021-09,2.1,ok,
gss.cpi,Month-on-month inflation (%),Ahafo,Non-food,All sources,2021-10,,held,mom_consistency
gss.cpi,Month-on-month inflation (%),Ahafo,Non-food,All sources,2021-11,,held,mom_consistency
gss.cpi,Month-on-month inflation (%),Ahafo,Non-food,All sources,2021-12,,held,mom_consistency
gss.cpi,Month-on-month inflation (%),Ahafo,Non-food,All sources,2022-01,,held,mom_consistency
gss.cpi,Month-on-month inflation (%),Ahafo,Non-food,All sources,2022-02,,held,mom_consistency
gss.cpi,Month-on-month inflation (%),Ahafo,Non-food,All sources,2022-03,,held,mom_consistency
gss.cpi,Month-on-month inflation (%),Ahafo,Non-food,All sources,2022-04,,held,mom_consistency
gss.cpi,Month-on-month inflation (%),Ahafo,Non-food,All sources,2022-05,,held,mom_consistency
gss.cpi,Month-on-month inflation (%),Ahafo,Non-food,All sources,2022-06,,held,mom_consistency
gss.cpi,Month-on-month inflation (%),Ahafo,Non-food,All sources,2022-07,,held,mom_consistency
gss.cpi,Month-on-month inflation (%),Ahafo,Non-food,All sources,2022-08,,held,mom_consistency
gss.cpi,Month-on-month inflation (%),Ahafo,Non-food,All sources,2022-09,,held,mom_consistency
gss.cpi,Month-on-month inflation (%),Ahafo,Non-food,All sources,2022-10,,held,mom_consistency
gss.cpi,Month-on-month inflation (%),Ahafo,Non-food,All sources,2022-11,,held,mom_band;mom_consistency
gss.cpi,Month-on-month inflation (%),Ahafo,Non-food,All sources,2022-12,,held,mom_consistency
gss.cpi,Month-on-month inflation (%),Ahafo,Non-food,All sources,2023-01,,held,mom_consistency
gss.cpi,Month-on-month inflation (%),Ahafo,Non-food,All sources,2023-02,,held,mom_consistency
gss.cpi,Month-on-month inflation (%),Ahafo,Non-food,All sources,2023-03,,held,mom_consistency
gss.cpi,Month-on-month inflation (%),Ahafo,Non-food,All sources,2023-04,,held,mom_consistency
gss.cpi,Month-on-month inflation (%),Ahafo,Non-food,All sources,2023-05,3.7,warn,mom_consistency
gss.cpi,Month-on-month inflation (%),Ahafo,Non-food,All sources,2023-06,,held,mom_consistency
gss.cpi,Month-on-month inflation (%),Ahafo,Non-food,All sources,2023-07,,held,mom_consistency
gss.cpi,Month-on-month inflation (%),Ahafo,Non-food,All sources,2023-08,,held,mom_band;mom_consistency
gss.cpi,Month-on-month inflation (%),Ahafo,Non-food,All sources,2023-09,,held,mom_consistency
gss.cpi,Month-on-month inflation (%),Ahafo,Non-food,All sources,2023-10,,held,mom_consistency
gss.cpi,Month-on-month inflation (%),Ahafo,Non-food,All sources,2023-11,,held,mom_consistency
gss.cpi,Month-on-month inflation (%),Ahafo,Non-food,All sources,2023-12,,held,mom_consistency
gss.cpi,Month-on-month inflation (%),Ahafo,Non-food,All sources,2024-01,,held,mom_consistency
gss.cpi,Month-on-month inflation (%),Ahafo,Non-food,All sources,2024-02,,held,mom_consistency
gss.cpi,Month-on-month inflation (%),Ahafo,Non-food,All sources,2024-03,,held,mom_consistency
gss.cpi,Month-on-month inflation (%),Ahafo,Non-food,All sources,2024-04,,held,mom_consistency
gss.cpi,Month-on-month inflation (%),Ahafo,Non-food,All sources,2024-05,,held,mom_consistency
gss.cpi,Month-on-month inflation (%),Ahafo,Non-food,All sources,2024-06,,held,mom_band;mom_consistency
gss.cpi,Month-on-month inflation (%),Ahafo,Non-food,All sources,2024-07,,held,mom_band;mom_consistency
gss.cpi,Month-on-month inflation (%),Ahafo,Non-food,All sources,2024-08,,held,mom_band;mom_consistency
gss.cpi,Month-on-month inflation (%),Ahafo,Non-food,All sources,2024-09,,held,mom_band;mom_consistency
gss.cpi,Month-on-month inflation (%),Ahafo,Non-food,All sources,2024-10,,held,mom_band;mom_consistency
gss.cpi,Month-on-month inflation (%),Ahafo,Non-food,All sources,2024-11,,held,mom_band;mom_consistency
gss.cpi,Month-on-month inflation (%),Ahafo,Non-food,All sources,2024-12,,held,mom_band;mom_consistency
gss.cpi,Month-on-month inflation (%),Ahafo,Non-food,All sources,2025-01,,held,mom_band;mom_consistency
gss.cpi,Month-on-month inflation (%),Ahafo,Non-food,All sources,2025-02,,held,mom_band;mom_consistency
gss.cpi,Month-on-month inflation (%),Ahafo,Non-food,All sources,2025-03,,held,mom_band;mom_consistency
gss.cpi,Month-on-month inflation (%),Ahafo,Non-food,All sources,2025-04,,held,mom_band;mom_consistency
gss.cpi,Month-on-month inflation (%),Ahafo,Non-food,All sources,2025-05,,held,mom_band;mom_consistency
gss.cpi,Month-on-month inflation (%),Ahafo,Non-food,All sources,2025-06,,held,mom_band;mom_consistency
gss.cpi,Month-on-month inflation (%),Ahafo,Non-food,All sources,2025-07,,held,mom_consistency;regional_nonfood
gss.cpi,Month-on-month inflation (%),Ahafo,Non-food,All sources,2025-08,,held,mom_band;mom_consistency
gss.cpi,Month-on-month inflation (%),Ahafo,Non-food,All sources,2025-09,,held,mom_band;mom_consistency
gss.cpi,Month-on-month inflation (%),Ahafo,Non-food,All sources,2025-10,,held,mom_band;mom_consistency;regional_nonfood
gss.cpi,Month-on-month inflation (%),Ahafo,Non-food,All sources,2025-11,,held,mom_consistency
gss.cpi,Month-on-month inflation (%),Ahafo,Non-food,All sources,2025-12,,held,mom_band;mom_consistency
gss.cpi,Month-on-month inflation (%),Ahafo,Non-food,All sources,2026-01,,held,mom_band;mom_consistency
gss.cpi,Month-on-month inflation (%),Ahafo,"Personal care, social protection and miscellaneous goods and services",All sources,2021-02,0.9,ok,
gss.cpi,Month-on-month inflation (%),Ahafo,"Personal care, social protection and miscellaneous goods and services",All sources,2021-03,1.1,ok,
gss.cpi,Month-on-month inflation (%),Ahafo,"Personal care, social protection and miscellaneous goods and services",All sources,2021-04,4.1,ok,
gss.cpi,Month-on-month inflation (%),Ahafo,"Personal care, social protection and miscellaneous goods and services",All sources,2021-05,1.5,ok,
gss.cpi,Month-on-month inflation (%),Ahafo,"Personal care, social protection and miscellaneous goods and services",All sources,2021-06,0.1,ok,
gss.cpi,Month-on-month inflation (%),Ahafo,"Personal care, social protection and miscellaneous goods and services",All sources,2021-07,2.6,ok,
gss.cpi,Month-on-month inflation (%),Ahafo,"Personal care, social protection and miscellaneous goods and services",All sources,2021-08,2.3,ok,
gss.cpi,Month-on-month inflation (%),Ahafo,"Personal care, social protection and miscellaneous goods and services",All sources,2021-09,3.8,ok,
gss.cpi,Month-on-month inflation (%),Ahafo,"Personal care, social protection and miscellaneous goods and services",All sources,2021-10,0.7,ok,
gss.cpi,Month-on-month inflation (%),Ahafo,"Personal care, social protection and miscellaneous goods and services",All sources,2021-11,0.9,ok,
gss.cpi,Month-on-month inflation (%),Ahafo,"Personal care, social protection and miscellaneous goods and services",All sources,2021-12,0.9,ok,
gss.cpi,Month-on-month inflation (%),Ahafo,"Personal care, social protection and miscellaneous goods and services",All sources,2022-01,1.4,ok,
gss.cpi,Month-on-month inflation (%),Ahafo,"Personal care, social protection and miscellaneous goods and services",All sources,2022-02,5.4,ok,
gss.cpi,Month-on-month inflation (%),Ahafo,"Personal care, social protection and miscellaneous goods and services",All sources,2022-03,3.2,ok,
gss.cpi,Month-on-month inflation (%),Ahafo,"Personal care, social protection and miscellaneous goods and services",All sources,2022-04,8.9,ok,
gss.cpi,Month-on-month inflation (%),Ahafo,"Personal care, social protection and miscellaneous goods and services",All sources,2022-05,7.4,ok,
gss.cpi,Month-on-month inflation (%),Ahafo,"Personal care, social protection and miscellaneous goods and services",All sources,2022-06,4.5,ok,
gss.cpi,Month-on-month inflation (%),Ahafo,"Personal care, social protection and miscellaneous goods and services",All sources,2022-07,2.9,ok,
gss.cpi,Month-on-month inflation (%),Ahafo,"Personal care, social protection and miscellaneous goods and services",All sources,2022-08,3.4,ok,
gss.cpi,Month-on-month inflation (%),Ahafo,"Personal care, social protection and miscellaneous goods and services",All sources,2022-09,-0.6,ok,
gss.cpi,Month-on-month inflation (%),Ahafo,"Personal care, social protection and miscellaneous goods and services",All sources,2022-10,4.0,ok,
gss.cpi,Month-on-month inflation (%),Ahafo,"Personal care, social protection and miscellaneous goods and services",All sources,2022-11,10.6,ok,
gss.cpi,Month-on-month inflation (%),Ahafo,"Personal care, social protection and miscellaneous goods and services",All sources,2022-12,7.2,ok,
gss.cpi,Month-on-month inflation (%),Ahafo,"Personal care, social protection and miscellaneous goods and services",All sources,2023-01,2.5,ok,
gss.cpi,Month-on-month inflation (%),Ahafo,"Personal care, social protection and miscellaneous goods and services",All sources,2023-02,4.7,ok,
gss.cpi,Month-on-month inflation (%),Ahafo,"Personal care, social protection and miscellaneous goods and services",All sources,2023-03,-0.7,ok,
gss.cpi,Month-on-month inflation (%),Ahafo,"Personal care, social protection and miscellaneous goods and services",All sources,2023-04,0.8,ok,
gss.cpi,Month-on-month inflation (%),Ahafo,"Personal care, social protection and miscellaneous goods and services",All sources,2023-05,8.8,ok,
gss.cpi,Month-on-month inflation (%),Ahafo,"Personal care, social protection and miscellaneous goods and services",All sources,2023-06,3.6,ok,
gss.cpi,Month-on-month inflation (%),Ahafo,"Personal care, social protection and miscellaneous goods and services",All sources,2023-07,3.5,ok,
gss.cpi,Month-on-month inflation (%),Ahafo,"Personal care, social protection and miscellaneous goods and services",All sources,2023-08,-2.5,ok,
gss.cpi,Month-on-month inflation (%),Ahafo,"Personal care, social protection and miscellaneous goods and services",All sources,2023-09,1.0,ok,
gss.cpi,Month-on-month inflation (%),Ahafo,"Personal care, social protection and miscellaneous goods and services",All sources,2023-10,-2.5,ok,
gss.cpi,Month-on-month inflation (%),Ahafo,"Personal care, social protection and miscellaneous goods and services",All sources,2023-11,0.5,ok,
gss.cpi,Month-on-month inflation (%),Ahafo,"Personal care, social protection and miscellaneous goods and services",All sources,2023-12,0.8,ok,
gss.cpi,Month-on-month inflation (%),Ahafo,"Personal care, social protection and miscellaneous goods and services",All sources,2024-01,3.5,ok,
gss.cpi,Month-on-month inflation (%),Ahafo,"Personal care, social protection and miscellaneous goods and services",All sources,2024-02,1.3,ok,
gss.cpi,Month-on-month inflation (%),Ahafo,"Personal care, social protection and miscellaneous goods and services",All sources,2024-03,1.2,ok,
gss.cpi,Month-on-month inflation (%),Ahafo,"Personal care, social protection and miscellaneous goods and services",All sources,2024-04,0.3,ok,
gss.cpi,Month-on-month inflation (%),Ahafo,"Personal care, social protection and miscellaneous goods and services",All sources,2024-05,1.0,ok,
gss.cpi,Month-on-month inflation (%),Ahafo,"Personal care, social protection and miscellaneous goods and services",All sources,2024-06,0.9,ok,
gss.cpi,Month-on-month inflation (%),Ahafo,"Personal care, social protection and miscellaneous goods and services",All sources,2024-07,4.6,ok,
gss.cpi,Month-on-month inflation (%),Ahafo,"Personal care, social protection and miscellaneous goods and services",All sources,2024-08,0.2,ok,
gss.cpi,Month-on-month inflation (%),Ahafo,"Personal care, social protection and miscellaneous goods and services",All sources,2024-09,1.5,ok,
gss.cpi,Month-on-month inflation (%),Ahafo,"Personal care, social protection and miscellaneous goods and services",All sources,2024-10,1.5,ok,
gss.cpi,Month-on-month inflation (%),Ahafo,"Personal care, social protection and miscellaneous goods and services",All sources,2024-11,0.3,ok,
gss.cpi,Month-on-month inflation (%),Ahafo,"Personal care, social protection and miscellaneous goods and services",All sources,2024-12,0.8,ok,
gss.cpi,Month-on-month inflation (%),Ahafo,"Personal care, social protection and miscellaneous goods and services",All sources,2025-01,0.4,ok,
gss.cpi,Month-on-month inflation (%),Ahafo,"Personal care, social protection and miscellaneous goods and services",All sources,2025-02,1.3,ok,
gss.cpi,Month-on-month inflation (%),Ahafo,"Personal care, social protection and miscellaneous goods and services",All sources,2025-03,0.3,ok,
gss.cpi,Month-on-month inflation (%),Ahafo,"Personal care, social protection and miscellaneous goods and services",All sources,2025-04,1.5,ok,
gss.cpi,Month-on-month inflation (%),Ahafo,"Personal care, social protection and miscellaneous goods and services",All sources,2025-05,2.7,ok,
gss.cpi,Month-on-month inflation (%),Ahafo,"Personal care, social protection and miscellaneous goods and services",All sources,2025-06,-3.2,ok,
gss.cpi,Month-on-month inflation (%),Ahafo,"Personal care, social protection and miscellaneous goods and services",All sources,2025-07,3.8,ok,
gss.cpi,Month-on-month inflation (%),Ahafo,"Personal care, social protection and miscellaneous goods and services",All sources,2025-08,1.2,ok,
gss.cpi,Month-on-month inflation (%),Ahafo,"Personal care, social protection and miscellaneous goods and services",All sources,2025-09,1.5,ok,
gss.cpi,Month-on-month inflation (%),Ahafo,"Personal care, social protection and miscellaneous goods and services",All sources,2025-10,0.7,ok,
gss.cpi,Month-on-month inflation (%),Ahafo,"Personal care, social protection and miscellaneous goods and services",All sources,2025-11,0.4,ok,
gss.cpi,Month-on-month inflation (%),Ahafo,"Personal care, social protection and miscellaneous goods and services",All sources,2025-12,0.4,ok,
gss.cpi,Month-on-month inflation (%),Ahafo,"Personal care, social protection and miscellaneous goods and services",All sources,2026-01,0.3,ok,
gss.cpi,Month-on-month inflation (%),Ahafo,"Recreation, sport and culture",All sources,2021-02,1.8,ok,
gss.cpi,Month-on-month inflation (%),Ahafo,"Recreation, sport and culture",All sources,2021-03,0.0,ok,
gss.cpi,Month-on-month inflation (%),Ahafo,"Recreation, sport and culture",All sources,2021-04,2.6,ok,
gss.cpi,Month-on-month inflation (%),Ahafo,"Recreation, sport and culture",All sources,2021-05,0.0,ok,
gss.cpi,Month-on-month inflation (%),Ahafo,"Recreation, sport and culture",All sources,2021-06,0.4,ok,
gss.cpi,Month-on-month inflation (%),Ahafo,"Recreation, sport and culture",All sources,2021-07,0.1,ok,
gss.cpi,Month-on-month inflation (%),Ahafo,"Recreation, sport and culture",All sources,2021-08,0.2,ok,
gss.cpi,Month-on-month inflation (%),Ahafo,"Recreation, sport and culture",All sources,2021-09,2.0,ok,
gss.cpi,Month-on-month inflation (%),Ahafo,"Recreation, sport and culture",All sources,2021-10,0.2,ok,
gss.cpi,Month-on-month inflation (%),Ahafo,"Recreation, sport and culture",All sources,2021-11,0.8,ok,
gss.cpi,Month-on-month inflation (%),Ahafo,"Recreation, sport and culture",All sources,2021-12,0.7,ok,
gss.cpi,Month-on-month inflation (%),Ahafo,"Recreation, sport and culture",All sources,2022-01,2.5,ok,
gss.cpi,Month-on-month inflation (%),Ahafo,"Recreation, sport and culture",All sources,2022-02,0.3,ok,
gss.cpi,Month-on-month inflation (%),Ahafo,"Recreation, sport and culture",All sources,2022-03,1.9,ok,
gss.cpi,Month-on-month inflation (%),Ahafo,"Recreation, sport and culture",All sources,2022-04,1.6,ok,
gss.cpi,Month-on-month inflation (%),Ahafo,"Recreation, sport and culture",All sources,2022-05,5.3,ok,
gss.cpi,Month-on-month inflation (%),Ahafo,"Recreation, sport and culture",All sources,2022-06,2.9,ok,
gss.cpi,Month-on-month inflation (%),Ahafo,"Recreation, sport and culture",All sources,2022-07,0.3,ok,
gss.cpi,Month-on-month inflation (%),Ahafo,"Recreation, sport and culture",All sources,2022-08,0.0,ok,
gss.cpi,Month-on-month inflation (%),Ahafo,"Recreation, sport and culture",All sources,2022-09,0.3,ok,
gss.cpi,Month-on-month inflation (%),Ahafo,"Recreation, sport and culture",All sources,2022-10,3.0,ok,
gss.cpi,Month-on-month inflation (%),Ahafo,"Recreation, sport and culture",All sources,2022-11,7.1,ok,
gss.cpi,Month-on-month inflation (%),Ahafo,"Recreation, sport and culture",All sources,2022-12,3.9,ok,
gss.cpi,Month-on-month inflation (%),Ahafo,"Recreation, sport and culture",All sources,2023-01,0.8,ok,
gss.cpi,Month-on-month inflation (%),Ahafo,"Recreation, sport and culture",All sources,2023-02,2.4,ok,
gss.cpi,Month-on-month inflation (%),Ahafo,"Recreation, sport and culture",All sources,2023-03,-2.3,ok,
gss.cpi,Month-on-month inflation (%),Ahafo,"Recreation, sport and culture",All sources,2023-04,0.9,ok,
gss.cpi,Month-on-month inflation (%),Ahafo,"Recreation, sport and culture",All sources,2023-05,4.2,ok,
gss.cpi,Month-on-month inflation (%),Ahafo,"Recreation, sport and culture",All sources,2023-06,6.0,ok,
gss.cpi,Month-on-month inflation (%),Ahafo,"Recreation, sport and culture",All sources,2023-07,4.7,ok,
gss.cpi,Month-on-month inflation (%),Ahafo,"Recreation, sport and culture",All sources,2023-08,-2.9,ok,
gss.cpi,Month-on-month inflation (%),Ahafo,"Recreation, sport and culture",All sources,2023-09,-0.7,ok,
gss.cpi,Month-on-month inflation (%),Ahafo,"Recreation, sport and culture",All sources,2023-10,4.0,ok,
gss.cpi,Month-on-month inflation (%),Ahafo,"Recreation, sport and culture",All sources,2023-11,10.5,ok,
gss.cpi,Month-on-month inflation (%),Ahafo,"Recreation, sport and culture",All sources,2023-12,0.6,ok,
gss.cpi,Month-on-month inflation (%),Ahafo,"Recreation, sport and culture",All sources,2024-01,0.9,ok,
gss.cpi,Month-on-month inflation (%),Ahafo,"Recreation, sport and culture",All sources,2024-02,2.7,ok,
gss.cpi,Month-on-month inflation (%),Ahafo,"Recreation, sport and culture",All sources,2024-03,3.2,ok,
gss.cpi,Month-on-month inflation (%),Ahafo,"Recreation, sport and culture",All sources,2024-04,-3.2,ok,
gss.cpi,Month-on-month inflation (%),Ahafo,"Recreation, sport and culture",All sources,2024-05,5.8,ok,
gss.cpi,Month-on-month inflation (%),Ahafo,"Recreation, sport and culture",All sources,2024-06,0.7,ok,
gss.cpi,Month-on-month inflation (%),Ahafo,"Recreation, sport and culture",All sources,2024-07,2.4,ok,
gss.cpi,Month-on-month inflation (%),Ahafo,"Recreation, sport and culture",All sources,2024-08,1.3,ok,
gss.cpi,Month-on-month inflation (%),Ahafo,"Recreation, sport and culture",All sources,2024-09,0.4,ok,
gss.cpi,Month-on-month inflation (%),Ahafo,"Recreation, sport and culture",All sources,2024-10,3.9,ok,
gss.cpi,Month-on-month inflation (%),Ahafo,"Recreation, sport and culture",All sources,2024-11,1.2,ok,
gss.cpi,Month-on-month inflation (%),Ahafo,"Recreation, sport and culture",All sources,2024-12,0.1,ok,
gss.cpi,Month-on-month inflation (%),Ahafo,"Recreation, sport and culture",All sources,2025-01,0.0,ok,
gss.cpi,Month-on-month inflation (%),Ahafo,"Recreation, sport and culture",All sources,2025-02,0.4,ok,
gss.cpi,Month-on-month inflation (%),Ahafo,"Recreation, sport and culture",All sources,2025-03,0.1,ok,
gss.cpi,Month-on-month inflation (%),Ahafo,"Recreation, sport and culture",All sources,2025-04,0.2,ok,
gss.cpi,Month-on-month inflation (%),Ahafo,"Recreation, sport and culture",All sources,2025-05,0.0,ok,
gss.cpi,Month-on-month inflation (%),Ahafo,"Recreation, sport and culture",All sources,2025-06,-0.7,ok,
gss.cpi,Month-on-month inflation (%),Ahafo,"Recreation, sport and culture",All sources,2025-07,2.9,ok,
gss.cpi,Month-on-month inflation (%),Ahafo,"Recreation, sport and culture",All sources,2025-08,0.1,ok,
gss.cpi,Month-on-month inflation (%),Ahafo,"Recreation, sport and culture",All sources,2025-09,-0.4,ok,
gss.cpi,Month-on-month inflation (%),Ahafo,"Recreation, sport and culture",All sources,2025-10,2.3,ok,
gss.cpi,Month-on-month inflation (%),Ahafo,"Recreation, sport and culture",All sources,2025-11,0.5,ok,
gss.cpi,Month-on-month inflation (%),Ahafo,"Recreation, sport and culture",All sources,2025-12,0.1,ok,
gss.cpi,Month-on-month inflation (%),Ahafo,"Recreation, sport and culture",All sources,2026-01,0.0,ok,
gss.cpi,Month-on-month inflation (%),Ahafo,Restaurants and accommodation services,All sources,2021-02,0.0,ok,
gss.cpi,Month-on-month inflation (%),Ahafo,Restaurants and accommodation services,All sources,2021-03,0.0,ok,
gss.cpi,Month-on-month inflation (%),Ahafo,Restaurants and accommodation services,All sources,2021-04,0.0,ok,
gss.cpi,Month-on-month inflation (%),Ahafo,Restaurants and accommodation services,All sources,2021-05,0.0,ok,
gss.cpi,Month-on-month inflation (%),Ahafo,Restaurants and accommodation services,All sources,2021-06,0.0,ok,
gss.cpi,Month-on-month inflation (%),Ahafo,Restaurants and accommodation services,All sources,2021-07,6.9,ok,
gss.cpi,Month-on-month inflation (%),Ahafo,Restaurants and accommodation services,All sources,2021-08,0.0,ok,
gss.cpi,Month-on-month inflation (%),Ahafo,Restaurants and accommodation services,All sources,2021-09,1.6,ok,
gss.cpi,Month-on-month inflation (%),Ahafo,Restaurants and accommodation services,All sources,2021-10,0.0,ok,
gss.cpi,Month-on-month inflation (%),Ahafo,Restaurants and accommodation services,All sources,2021-11,3.7,ok,
gss.cpi,Month-on-month inflation (%),Ahafo,Restaurants and accommodation services,All sources,2021-12,1.3,ok,
gss.cpi,Month-on-month inflation (%),Ahafo,Restaurants and accommodation services,All sources,2022-01,-1.3,ok,
gss.cpi,Month-on-month inflation (%),Ahafo,Restaurants and accommodation services,All sources,2022-02,8.4,ok,
gss.cpi,Month-on-month inflation (%),Ahafo,Restaurants and accommodation services,All sources,2022-03,1.3,ok,
gss.cpi,Month-on-month inflation (%),Ahafo,Restaurants and accommodation services,All sources,2022-04,0.0,ok,
gss.cpi,Month-on-month inflation (%),Ahafo,Restaurants and accommodation services,All sources,2022-05,0.0,ok,
gss.cpi,Month-on-month inflation (%),Ahafo,Restaurants and accommodation services,All sources,2022-06,7.1,ok,
gss.cpi,Month-on-month inflation (%),Ahafo,Restaurants and accommodation services,All sources,2022-07,0.0,ok,
gss.cpi,Month-on-month inflation (%),Ahafo,Restaurants and accommodation services,All sources,2022-08,0.0,ok,
gss.cpi,Month-on-month inflation (%),Ahafo,Restaurants and accommodation services,All sources,2022-09,0.0,ok,
gss.cpi,Month-on-month inflation (%),Ahafo,Restaurants and accommodation services,All sources,2022-10,3.6,ok,
gss.cpi,Month-on-month inflation (%),Ahafo,Restaurants and accommodation services,All sources,2022-11,5.6,ok,
gss.cpi,Month-on-month inflation (%),Ahafo,Restaurants and accommodation services,All sources,2022-12,1.7,ok,
gss.cpi,Month-on-month inflation (%),Ahafo,Restaurants and accommodation services,All sources,2023-01,0.0,ok,
gss.cpi,Month-on-month inflation (%),Ahafo,Restaurants and accommodation services,All sources,2023-02,1.1,ok,
gss.cpi,Month-on-month inflation (%),Ahafo,Restaurants and accommodation services,All sources,2023-03,0.0,ok,
gss.cpi,Month-on-month inflation (%),Ahafo,Restaurants and accommodation services,All sources,2023-04,0.0,ok,
gss.cpi,Month-on-month inflation (%),Ahafo,Restaurants and accommodation services,All sources,2023-05,0.6,ok,
gss.cpi,Month-on-month inflation (%),Ahafo,Restaurants and accommodation services,All sources,2023-06,1.9,ok,
gss.cpi,Month-on-month inflation (%),Ahafo,Restaurants and accommodation services,All sources,2023-07,1.6,ok,
gss.cpi,Month-on-month inflation (%),Ahafo,Restaurants and accommodation services,All sources,2023-08,7.6,ok,
gss.cpi,Month-on-month inflation (%),Ahafo,Restaurants and accommodation services,All sources,2023-09,0.0,ok,
gss.cpi,Month-on-month inflation (%),Ahafo,Restaurants and accommodation services,All sources,2023-10,3.5,ok,
gss.cpi,Month-on-month inflation (%),Ahafo,Restaurants and accommodation services,All sources,2023-11,10.2,ok,
gss.cpi,Month-on-month inflation (%),Ahafo,Restaurants and accommodation services,All sources,2023-12,-1.6,ok,
gss.cpi,Month-on-month inflation (%),Ahafo,Restaurants and accommodation services,All sources,2024-01,-2.0,ok,
gss.cpi,Month-on-month inflation (%),Ahafo,Restaurants and accommodation services,All sources,2024-02,7.3,ok,
gss.cpi,Month-on-month inflation (%),Ahafo,Restaurants and accommodation services,All sources,2024-03,0.0,ok,
gss.cpi,Month-on-month inflation (%),Ahafo,Restaurants and accommodation services,All sources,2024-04,0.0,ok,
gss.cpi,Month-on-month inflation (%),Ahafo,Restaurants and accommodation services,All sources,2024-05,1.0,ok,
gss.cpi,Month-on-month inflation (%),Ahafo,Restaurants and accommodation services,All sources,2024-06,0.0,ok,
gss.cpi,Month-on-month inflation (%),Ahafo,Restaurants and accommodation services,All sources,2024-07,0.0,ok,
gss.cpi,Month-on-month inflation (%),Ahafo,Restaurants and accommodation services,All sources,2024-08,0.0,ok,
gss.cpi,Month-on-month inflation (%),Ahafo,Restaurants and accommodation services,All sources,2024-09,8.2,ok,
gss.cpi,Month-on-month inflation (%),Ahafo,Restaurants and accommodation services,All sources,2024-10,0.3,ok,
gss.cpi,Month-on-month inflation (%),Ahafo,Restaurants and accommodation services,All sources,2024-11,0.0,ok,
gss.cpi,Month-on-month inflation (%),Ahafo,Restaurants and accommodation services,All sources,2024-12,0.4,ok,
gss.cpi,Month-on-month inflation (%),Ahafo,Restaurants and accommodation services,All sources,2025-01,0.2,ok,
gss.cpi,Month-on-month inflation (%),Ahafo,Restaurants and accommodation services,All sources,2025-02,0.0,ok,
gss.cpi,Month-on-month inflation (%),Ahafo,Restaurants and accommodation services,All sources,2025-03,1.6,ok,
gss.cpi,Month-on-month inflation (%),Ahafo,Restaurants and accommodation services,All sources,2025-04,2.0,ok,
gss.cpi,Month-on-month inflation (%),Ahafo,Restaurants and accommodation services,All sources,2025-05,1.5,ok,
gss.cpi,Month-on-month inflation (%),Ahafo,Restaurants and accommodation services,All sources,2025-06,0.0,ok,
gss.cpi,Month-on-month inflation (%),Ahafo,Restaurants and accommodation services,All sources,2025-07,1.0,ok,
gss.cpi,Month-on-month inflation (%),Ahafo,Restaurants and accommodation services,All sources,2025-08,0.0,ok,
gss.cpi,Month-on-month inflation (%),Ahafo,Restaurants and accommodation services,All sources,2025-09,3.1,ok,
gss.cpi,Month-on-month inflation (%),Ahafo,Restaurants and accommodation services,All sources,2025-10,0.0,ok,
gss.cpi,Month-on-month inflation (%),Ahafo,Restaurants and accommodation services,All sources,2025-11,0.0,ok,
gss.cpi,Month-on-month inflation (%),Ahafo,Restaurants and accommodation services,All sources,2025-12,0.8,ok,
gss.cpi,Month-on-month inflation (%),Ahafo,Restaurants and accommodation services,All sources,2026-01,0.0,ok,
gss.cpi,Month-on-month inflation (%),Ahafo,Transport,All sources,2021-02,-0.6,ok,
gss.cpi,Month-on-month inflation (%),Ahafo,Transport,All sources,2021-03,0.9,ok,
gss.cpi,Month-on-month inflation (%),Ahafo,Transport,All sources,2021-04,0.9,ok,
gss.cpi,Month-on-month inflation (%),Ahafo,Transport,All sources,2021-05,0.0,ok,
gss.cpi,Month-on-month inflation (%),Ahafo,Transport,All sources,2021-06,7.7,ok,
gss.cpi,Month-on-month inflation (%),Ahafo,Transport,All sources,2021-07,2.4,ok,
gss.cpi,Month-on-month inflation (%),Ahafo,Transport,All sources,2021-08,0.1,ok,
gss.cpi,Month-on-month inflation (%),Ahafo,Transport,All sources,2021-09,5.3,ok,
gss.cpi,Month-on-month inflation (%),Ahafo,Transport,All sources,2021-10,0.8,ok,
gss.cpi,Month-on-month inflation (%),Ahafo,Transport,All sources,2021-11,0.6,ok,
gss.cpi,Month-on-month inflation (%),Ahafo,Transport,All sources,2021-12,0.2,ok,
gss.cpi,Month-on-month inflation (%),Ahafo,Transport,All sources,2022-01,0.7,ok,
gss.cpi,Month-on-month inflation (%),Ahafo,Transport,All sources,2022-02,11.1,ok,
gss.cpi,Month-on-month inflation (%),Ahafo,Transport,All sources,2022-03,11.8,ok,
gss.cpi,Month-on-month inflation (%),Ahafo,Transport,All sources,2022-04,3.1,ok,
gss.cpi,Month-on-month inflation (%),Ahafo,Transport,All sources,2022-05,8.7,ok,
gss.cpi,Month-on-month inflation (%),Ahafo,Transport,All sources,2022-06,4.0,ok,
gss.cpi,Month-on-month inflation (%),Ahafo,Transport,All sources,2022-07,3.8,ok,
gss.cpi,Month-on-month inflation (%),Ahafo,Transport,All sources,2022-08,1.6,ok,
gss.cpi,Month-on-month inflation (%),Ahafo,Transport,All sources,2022-09,1.1,ok,
gss.cpi,Month-on-month inflation (%),Ahafo,Transport,All sources,2022-10,-1.1,ok,
gss.cpi,Month-on-month inflation (%),Ahafo,Transport,All sources,2022-11,18.3,warn,mom_band
gss.cpi,Month-on-month inflation (%),Ahafo,Transport,All sources,2022-12,2.7,ok,
gss.cpi,Month-on-month inflation (%),Ahafo,Transport,All sources,2023-01,-6.0,warn,mom_band
gss.cpi,Month-on-month inflation (%),Ahafo,Transport,All sources,2023-02,4.2,ok,
gss.cpi,Month-on-month inflation (%),Ahafo,Transport,All sources,2023-03,-1.0,ok,
gss.cpi,Month-on-month inflation (%),Ahafo,Transport,All sources,2023-04,-2.9,ok,
gss.cpi,Month-on-month inflation (%),Ahafo,Transport,All sources,2023-05,1.5,ok,
gss.cpi,Month-on-month inflation (%),Ahafo,Transport,All sources,2023-06,0.9,ok,
gss.cpi,Month-on-month inflation (%),Ahafo,Transport,All sources,2023-07,2.0,ok,
gss.cpi,Month-on-month inflation (%),Ahafo,Transport,All sources,2023-08,-0.4,ok,
gss.cpi,Month-on-month inflation (%),Ahafo,Transport,All sources,2023-09,1.6,ok,
gss.cpi,Month-on-month inflation (%),Ahafo,Transport,All sources,2023-10,0.2,ok,
gss.cpi,Month-on-month inflation (%),Ahafo,Transport,All sources,2023-11,-0.2,ok,
gss.cpi,Month-on-month inflation (%),Ahafo,Transport,All sources,2023-12,0.7,ok,
gss.cpi,Month-on-month inflation (%),Ahafo,Transport,All sources,2024-01,-0.1,ok,
gss.cpi,Month-on-month inflation (%),Ahafo,Transport,All sources,2024-02,0.6,ok,
gss.cpi,Month-on-month inflation (%),Ahafo,Transport,All sources,2024-03,1.1,ok,
gss.cpi,Month-on-month inflation (%),Ahafo,Transport,All sources,2024-04,0.7,ok,
gss.cpi,Month-on-month inflation (%),Ahafo,Transport,All sources,2024-05,14.1,ok,
gss.cpi,Month-on-month inflation (%),Ahafo,Transport,All sources,2024-06,0.0,ok,
gss.cpi,Month-on-month inflation (%),Ahafo,Transport,All sources,2024-07,0.8,ok,
gss.cpi,Month-on-month inflation (%),Ahafo,Transport,All sources,2024-08,0.6,ok,
gss.cpi,Month-on-month inflation (%),Ahafo,Transport,All sources,2024-09,-0.4,ok,
gss.cpi,Month-on-month inflation (%),Ahafo,Transport,All sources,2024-10,-0.1,ok,
gss.cpi,Month-on-month inflation (%),Ahafo,Transport,All sources,2024-11,0.8,ok,
gss.cpi,Month-on-month inflation (%),Ahafo,Transport,All sources,2024-12,1.2,ok,
gss.cpi,Month-on-month inflation (%),Ahafo,Transport,All sources,2025-01,0.6,ok,
gss.cpi,Month-on-month inflation (%),Ahafo,Transport,All sources,2025-02,1.7,ok,
gss.cpi,Month-on-month inflation (%),Ahafo,Transport,All sources,2025-03,0.3,ok,
gss.cpi,Month-on-month inflation (%),Ahafo,Transport,All sources,2025-04,-0.2,ok,
gss.cpi,Month-on-month inflation (%),Ahafo,Transport,All sources,2025-05,-0.9,ok,
gss.cpi,Month-on-month inflation (%),Ahafo,Transport,All sources,2025-06,-11.4,warn,mom_band
gss.cpi,Month-on-month inflation (%),Ahafo,Transport,All sources,2025-07,0.4,ok,
gss.cpi,Month-on-month inflation (%),Ahafo,Transport,All sources,2025-08,4.3,ok,
gss.cpi,Month-on-month inflation (%),Ahafo,Transport,All sources,2025-09,0.8,ok,
gss.cpi,Month-on-month inflation (%),Ahafo,Transport,All sources,2025-10,1.1,ok,
gss.cpi,Month-on-month inflation (%),Ahafo,Transport,All sources,2025-11,0.2,ok,
gss.cpi,Month-on-month inflation (%),Ahafo,Transport,All sources,2025-12,-1.2,ok,
gss.cpi,Month-on-month inflation (%),Ahafo,Transport,All sources,2026-01,-1.7,ok,
gss.cpi,Year-on-year inflation (%),Ahafo,"Alcoholic beverages, tobacco and narcotics",All sources,2022-01,10.0,ok,
gss.cpi,Year-on-year inflation (%),Ahafo,"Alcoholic beverages, tobacco and narcotics",All sources,2022-02,10.5,ok,
gss.cpi,Year-on-year inflation (%),Ahafo,"Alcoholic beverages, tobacco and narcotics",All sources,2022-03,15.8,ok,
gss.cpi,Year-on-year inflation (%),Ahafo,"Alcoholic beverages, tobacco and narcotics",All sources,2022-04,14.8,ok,
gss.cpi,Year-on-year inflation (%),Ahafo,"Alcoholic beverages, tobacco and narcotics",All sources,2022-05,20.3,ok,
gss.cpi,Year-on-year inflation (%),Ahafo,"Alcoholic beverages, tobacco and narcotics",All sources,2022-06,23.2,ok,
gss.cpi,Year-on-year inflation (%),Ahafo,"Alcoholic beverages, tobacco and narcotics",All sources,2022-07,24.9,ok,
gss.cpi,Year-on-year inflation (%),Ahafo,"Alcoholic beverages, tobacco and narcotics",All sources,2022-08,25.4,ok,
gss.cpi,Year-on-year inflation (%),Ahafo,"Alcoholic beverages, tobacco and narcotics",All sources,2022-09,26.6,ok,
gss.cpi,Year-on-year inflation (%),Ahafo,"Alcoholic beverages, tobacco and narcotics",All sources,2022-10,30.6,ok,
gss.cpi,Year-on-year inflation (%),Ahafo,"Alcoholic beverages, tobacco and narcotics",All sources,2022-11,49.5,ok,
gss.cpi,Year-on-year inflation (%),Ahafo,"Alcoholic beverages, tobacco and narcotics",All sources,2022-12,55.9,ok,
gss.cpi,Year-on-year inflation (%),Ahafo,"Alcoholic beverages, tobacco and narcotics",All sources,2023-01,55.0,ok,
gss.cpi,Year-on-year inflation (%),Ahafo,"Alcoholic beverages, tobacco and narcotics",All sources,2023-02,62.2,ok,
gss.cpi,Year-on-year inflation (%),Ahafo,"Alcoholic beverages, tobacco and narcotics",All sources,2023-03,50.0,ok,
gss.cpi,Year-on-year inflation (%),Ahafo,"Alcoholic beverages, tobacco and narcotics",All sources,2023-04,48.3,ok,
gss.cpi,Year-on-year inflation (%),Ahafo,"Alcoholic beverages, tobacco and narcotics",All sources,2023-05,46.5,ok,
gss.cpi,Year-on-year inflation (%),Ahafo,"Alcoholic beverages, tobacco and narcotics",All sources,2023-06,47.7,ok,
gss.cpi,Year-on-year inflation (%),Ahafo,"Alcoholic beverages, tobacco and narcotics",All sources,2023-07,50.4,ok,
gss.cpi,Year-on-year inflation (%),Ahafo,"Alcoholic beverages, tobacco and narcotics",All sources,2023-08,47.2,ok,
gss.cpi,Year-on-year inflation (%),Ahafo,"Alcoholic beverages, tobacco and narcotics",All sources,2023-09,46.2,ok,
gss.cpi,Year-on-year inflation (%),Ahafo,"Alcoholic beverages, tobacco and narcotics",All sources,2023-10,41.3,ok,
gss.cpi,Year-on-year inflation (%),Ahafo,"Alcoholic beverages, tobacco and narcotics",All sources,2023-11,23.0,ok,
gss.cpi,Year-on-year inflation (%),Ahafo,"Alcoholic beverages, tobacco and narcotics",All sources,2023-12,21.9,ok,
gss.cpi,Year-on-year inflation (%),Ahafo,"Alcoholic beverages, tobacco and narcotics",All sources,2024-01,27.0,ok,
gss.cpi,Year-on-year inflation (%),Ahafo,"Alcoholic beverages, tobacco and narcotics",All sources,2024-02,24.2,ok,
gss.cpi,Year-on-year inflation (%),Ahafo,"Alcoholic beverages, tobacco and narcotics",All sources,2024-03,29.2,ok,
gss.cpi,Year-on-year inflation (%),Ahafo,"Alcoholic beverages, tobacco and narcotics",All sources,2024-04,29.5,ok,
gss.cpi,Year-on-year inflation (%),Ahafo,"Alcoholic beverages, tobacco and narcotics",All sources,2024-05,27.4,ok,
gss.cpi,Year-on-year inflation (%),Ahafo,"Alcoholic beverages, tobacco and narcotics",All sources,2024-06,24.9,ok,
gss.cpi,Year-on-year inflation (%),Ahafo,"Alcoholic beverages, tobacco and narcotics",All sources,2024-07,26.2,ok,
gss.cpi,Year-on-year inflation (%),Ahafo,"Alcoholic beverages, tobacco and narcotics",All sources,2024-08,23.3,ok,
gss.cpi,Year-on-year inflation (%),Ahafo,"Alcoholic beverages, tobacco and narcotics",All sources,2024-09,24.7,ok,
gss.cpi,Year-on-year inflation (%),Ahafo,"Alcoholic beverages, tobacco and narcotics",All sources,2024-10,28.2,ok,
gss.cpi,Year-on-year inflation (%),Ahafo,"Alcoholic beverages, tobacco and narcotics",All sources,2024-11,30.2,ok,
gss.cpi,Year-on-year inflation (%),Ahafo,"Alcoholic beverages, tobacco and narcotics",All sources,2024-12,27.9,ok,
gss.cpi,Year-on-year inflation (%),Ahafo,"Alcoholic beverages, tobacco and narcotics",All sources,2025-01,23.5,ok,
gss.cpi,Year-on-year inflation (%),Ahafo,"Alcoholic beverages, tobacco and narcotics",All sources,2025-02,21.6,ok,
gss.cpi,Year-on-year inflation (%),Ahafo,"Alcoholic beverages, tobacco and narcotics",All sources,2025-03,20.3,ok,
gss.cpi,Year-on-year inflation (%),Ahafo,"Alcoholic beverages, tobacco and narcotics",All sources,2025-04,19.0,ok,
gss.cpi,Year-on-year inflation (%),Ahafo,"Alcoholic beverages, tobacco and narcotics",All sources,2025-05,17.4,ok,
gss.cpi,Year-on-year inflation (%),Ahafo,"Alcoholic beverages, tobacco and narcotics",All sources,2025-06,10.8,ok,
gss.cpi,Year-on-year inflation (%),Ahafo,"Alcoholic beverages, tobacco and narcotics",All sources,2025-07,8.8,ok,
gss.cpi,Year-on-year inflation (%),Ahafo,"Alcoholic beverages, tobacco and narcotics",All sources,2025-08,13.1,ok,
gss.cpi,Year-on-year inflation (%),Ahafo,"Alcoholic beverages, tobacco and narcotics",All sources,2025-09,12.9,ok,
gss.cpi,Year-on-year inflation (%),Ahafo,"Alcoholic beverages, tobacco and narcotics",All sources,2025-10,9.2,ok,
gss.cpi,Year-on-year inflation (%),Ahafo,"Alcoholic beverages, tobacco and narcotics",All sources,2025-11,7.5,ok,
gss.cpi,Year-on-year inflation (%),Ahafo,"Alcoholic beverages, tobacco and narcotics",All sources,2025-12,7.2,ok,
gss.cpi,Year-on-year inflation (%),Ahafo,"Alcoholic beverages, tobacco and narcotics",All sources,2026-01,6.4,ok,
gss.cpi,Year-on-year inflation (%),Ahafo,All products,All sources,2022-01,13.6,ok,
gss.cpi,Year-on-year inflation (%),Ahafo,All products,All sources,2022-02,17.9,ok,
gss.cpi,Year-on-year inflation (%),Ahafo,All products,All sources,2022-03,21.2,ok,
gss.cpi,Year-on-year inflation (%),Ahafo,All products,All sources,2022-04,23.4,ok,
gss.cpi,Year-on-year inflation (%),Ahafo,All products,All sources,2022-05,27.1,ok,
gss.cpi,Year-on-year inflation (%),Ahafo,All products,All sources,2022-06,31.5,ok,
gss.cpi,Year-on-year inflation (%),Ahafo,All products,All sources,2022-07,33.4,ok,
gss.cpi,Year-on-year inflation (%),Ahafo,All products,All sources,2022-08,32.5,ok,
gss.cpi,Year-on-year inflation (%),Ahafo,All products,All sources,2022-09,30.9,ok,
gss.cpi,Year-on-year inflation (%),Ahafo,All products,All sources,2022-10,31.7,ok,
gss.cpi,Year-on-year inflation (%),Ahafo,All products,All sources,2022-11,42.0,ok,
gss.cpi,Year-on-year inflation (%),Ahafo,All products,All sources,2022-12,47.6,ok,
gss.cpi,Year-on-year inflation (%),Ahafo,All products,All sources,2023-01,48.3,ok,
gss.cpi,Year-on-year inflation (%),Ahafo,All products,All sources,2023-02,45.7,ok,
gss.cpi,Year-on-year inflation (%),Ahafo,All products,All sources,2023-03,38.7,ok,
gss.cpi,Year-on-year inflation (%),Ahafo,All products,All sources,2023-04,36.3,ok,
gss.cpi,Year-on-year inflation (%),Ahafo,All products,All sources,2023-05,39.2,ok,
gss.cpi,Year-on-year inflation (%),Ahafo,All products,All sources,2023-06,36.2,ok,
gss.cpi,Year-on-year inflation (%),Ahafo,All products,All sources,2023-07,38.5,ok,
gss.cpi,Year-on-year inflation (%),Ahafo,All products,All sources,2023-08,33.2,ok,
gss.cpi,Year-on-year inflation (%),Ahafo,All products,All sources,2023-09,35.5,ok,
gss.cpi,Year-on-year inflation (%),Ahafo,All products,All sources,2023-10,31.7,ok,
gss.cpi,Year-on-year inflation (%),Ahafo,All products,All sources,2023-11,21.3,ok,
gss.cpi,Year-on-year inflation (%),Ahafo,All products,All sources,2023-12,17.4,ok,
gss.cpi,Year-on-year inflation (%),Ahafo,All products,All sources,2024-01,17.0,ok,
gss.cpi,Year-on-year inflation (%),Ahafo,All products,All sources,2024-02,16.3,ok,
gss.cpi,Year-on-year inflation (%),Ahafo,All products,All sources,2024-03,20.0,ok,
gss.cpi,Year-on-year inflation (%),Ahafo,All products,All sources,2024-04,19.1,ok,
gss.cpi,Year-on-year inflation (%),Ahafo,All products,All sources,2024-05,17.4,ok,
gss.cpi,Year-on-year inflation (%),Ahafo,All products,All sources,2024-06,19.8,ok,
gss.cpi,Year-on-year inflation (%),Ahafo,All products,All sources,2024-07,15.3,ok,
gss.cpi,Year-on-year inflation (%),Ahafo,All products,All sources,2024-08,19.0,ok,
gss.cpi,Year-on-year inflation (%),Ahafo,All products,All sources,2024-09,19.9,ok,
gss.cpi,Year-on-year inflation (%),Ahafo,All products,All sources,2024-10,21.6,ok,
gss.cpi,Year-on-year inflation (%),Ahafo,All products,All sources,2024-11,22.7,ok,
gss.cpi,Year-on-year inflation (%),Ahafo,All products,All sources,2024-12,21.6,ok,
gss.cpi,Year-on-year inflation (%),Ahafo,All products,All sources,2025-01,21.8,ok,
gss.cpi,Year-on-year inflation (%),Ahafo,All products,All sources,2025-02,23.7,ok,
gss.cpi,Year-on-year inflation (%),Ahafo,All products,All sources,2025-03,20.0,ok,
gss.cpi,Year-on-year inflation (%),Ahafo,All products,All sources,2025-04,18.6,ok,
gss.cpi,Year-on-year inflation (%),Ahafo,All products,All sources,2025-05,14.5,ok,
gss.cpi,Year-on-year inflation (%),Ahafo,All products,All sources,2025-06,8.7,ok,
gss.cpi,Year-on-year inflation (%),Ahafo,All products,All sources,2025-07,10.5,ok,
gss.cpi,Year-on-year inflation (%),Ahafo,All products,All sources,2025-08,8.7,ok,
gss.cpi,Year-on-year inflation (%),Ahafo,All products,All sources,2025-09,7.1,ok,
gss.cpi,Year-on-year inflation (%),Ahafo,All products,All sources,2025-10,6.2,ok,
gss.cpi,Year-on-year inflation (%),Ahafo,All products,All sources,2025-11,5.6,ok,
gss.cpi,Year-on-year inflation (%),Ahafo,All products,All sources,2025-12,6.3,ok,
gss.cpi,Year-on-year inflation (%),Ahafo,All products,All sources,2026-01,5.0,ok,
gss.cpi,Year-on-year inflation (%),Ahafo,Clothing and footwear,All sources,2022-01,22.4,ok,
gss.cpi,Year-on-year inflation (%),Ahafo,Clothing and footwear,All sources,2022-02,24.8,ok,
gss.cpi,Year-on-year inflation (%),Ahafo,Clothing and footwear,All sources,2022-03,31.7,ok,
gss.cpi,Year-on-year inflation (%),Ahafo,Clothing and footwear,All sources,2022-04,27.8,ok,
gss.cpi,Year-on-year inflation (%),Ahafo,Clothing and footwear,All sources,2022-05,28.3,ok,
gss.cpi,Year-on-year inflation (%),Ahafo,Clothing and footwear,All sources,2022-06,30.8,ok,
gss.cpi,Year-on-year inflation (%),Ahafo,Clothing and footwear,All sources,2022-07,30.6,ok,
gss.cpi,Year-on-year inflation (%),Ahafo,Clothing and footwear,All sources,2022-08,29.1,ok,
gss.cpi,Year-on-year inflation (%),Ahafo,Clothing and footwear,All sources,2022-09,32.0,ok,
gss.cpi,Year-on-year inflation (%),Ahafo,Clothing and footwear,All sources,2022-10,35.2,ok,
gss.cpi,Year-on-year inflation (%),Ahafo,Clothing and footwear,All sources,2022-11,35.6,ok,
gss.cpi,Year-on-year inflation (%),Ahafo,Clothing and footwear,All sources,2022-12,43.8,ok,
gss.cpi,Year-on-year inflation (%),Ahafo,Clothing and footwear,All sources,2023-01,45.6,ok,
gss.cpi,Year-on-year inflation (%),Ahafo,Clothing and footwear,All sources,2023-02,47.5,ok,
gss.cpi,Year-on-year inflation (%),Ahafo,Clothing and footwear,All sources,2023-03,34.6,ok,
gss.cpi,Year-on-year inflation (%),Ahafo,Clothing and footwear,All sources,2023-04,35.9,ok,
gss.cpi,Year-on-year inflation (%),Ahafo,Clothing and footwear,All sources,2023-05,39.9,ok,
gss.cpi,Year-on-year inflation (%),Ahafo,Clothing and footwear,All sources,2023-06,40.4,ok,
gss.cpi,Year-on-year inflation (%),Ahafo,Clothing and footwear,All sources,2023-07,43.4,ok,
gss.cpi,Year-on-year inflation (%),Ahafo,Clothing and footwear,All sources,2023-08,43.4,ok,
gss.cpi,Year-on-year inflation (%),Ahafo,Clothing and footwear,All sources,2023-09,42.1,ok,
gss.cpi,Year-on-year inflation (%),Ahafo,Clothing and footwear,All sources,2023-10,33.5,ok,
gss.cpi,Year-on-year inflation (%),Ahafo,Clothing and footwear,All sources,2023-11,29.2,ok,
gss.cpi,Year-on-year inflation (%),Ahafo,Clothing and footwear,All sources,2023-12,18.9,ok,
gss.cpi,Year-on-year inflation (%),Ahafo,Clothing and footwear,All sources,2024-01,16.8,ok,
gss.cpi,Year-on-year inflation (%),Ahafo,Clothing and footwear,All sources,2024-02,12.5,ok,
gss.cpi,Year-on-year inflation (%),Ahafo,Clothing and footwear,All sources,2024-03,16.0,ok,
gss.cpi,Year-on-year inflation (%),Ahafo,Clothing and footwear,All sources,2024-04,13.8,ok,
gss.cpi,Year-on-year inflation (%),Ahafo,Clothing and footwear,All sources,2024-05,11.0,ok,
gss.cpi,Year-on-year inflation (%),Ahafo,Clothing and footwear,All sources,2024-06,10.2,ok,
gss.cpi,Year-on-year inflation (%),Ahafo,Clothing and footwear,All sources,2024-07,9.6,ok,
gss.cpi,Year-on-year inflation (%),Ahafo,Clothing and footwear,All sources,2024-08,12.1,ok,
gss.cpi,Year-on-year inflation (%),Ahafo,Clothing and footwear,All sources,2024-09,10.1,ok,
gss.cpi,Year-on-year inflation (%),Ahafo,Clothing and footwear,All sources,2024-10,10.8,ok,
gss.cpi,Year-on-year inflation (%),Ahafo,Clothing and footwear,All sources,2024-11,11.1,ok,
gss.cpi,Year-on-year inflation (%),Ahafo,Clothing and footwear,All sources,2024-12,12.2,ok,
gss.cpi,Year-on-year inflation (%),Ahafo,Clothing and footwear,All sources,2025-01,11.9,ok,
gss.cpi,Year-on-year inflation (%),Ahafo,Clothing and footwear,All sources,2025-02,16.2,ok,
gss.cpi,Year-on-year inflation (%),Ahafo,Clothing and footwear,All sources,2025-03,16.9,ok,
gss.cpi,Year-on-year inflation (%),Ahafo,Clothing and footwear,All sources,2025-04,17.1,ok,
gss.cpi,Year-on-year inflation (%),Ahafo,Clothing and footwear,All sources,2025-05,17.7,ok,
gss.cpi,Year-on-year inflation (%),Ahafo,Clothing and footwear,All sources,2025-06,13.7,ok,
gss.cpi,Year-on-year inflation (%),Ahafo,Clothing and footwear,All sources,2025-07,13.0,ok,
gss.cpi,Year-on-year inflation (%),Ahafo,Clothing and footwear,All sources,2025-08,10.5,ok,
gss.cpi,Year-on-year inflation (%),Ahafo,Clothing and footwear,All sources,2025-09,12.6,ok,
gss.cpi,Year-on-year inflation (%),Ahafo,Clothing and footwear,All sources,2025-10,12.3,ok,
gss.cpi,Year-on-year inflation (%),Ahafo,Clothing and footwear,All sources,2025-11,10.9,ok,
gss.cpi,Year-on-year inflation (%),Ahafo,Clothing and footwear,All sources,2025-12,10.2,ok,
gss.cpi,Year-on-year inflation (%),Ahafo,Clothing and footwear,All sources,2026-01,10.2,ok,
gss.cpi,Year-on-year inflation (%),Ahafo,Education services,All sources,2022-01,12.5,ok,
gss.cpi,Year-on-year inflation (%),Ahafo,Education services,All sources,2022-02,18.0,ok,
gss.cpi,Year-on-year inflation (%),Ahafo,Education services,All sources,2022-03,15.5,ok,
gss.cpi,Year-on-year inflation (%),Ahafo,Education services,All sources,2022-04,14.4,ok,
gss.cpi,Year-on-year inflation (%),Ahafo,Education services,All sources,2022-05,19.0,ok,
gss.cpi,Year-on-year inflation (%),Ahafo,Education services,All sources,2022-06,22.8,ok,
gss.cpi,Year-on-year inflation (%),Ahafo,Education services,All sources,2022-07,22.1,ok,
gss.cpi,Year-on-year inflation (%),Ahafo,Education services,All sources,2022-08,25.4,ok,
gss.cpi,Year-on-year inflation (%),Ahafo,Education services,All sources,2022-09,16.3,ok,
gss.cpi,Year-on-year inflation (%),Ahafo,Education services,All sources,2022-10,11.5,ok,
gss.cpi,Year-on-year inflation (%),Ahafo,Education services,All sources,2022-11,10.8,ok,
gss.cpi,Year-on-year inflation (%),Ahafo,Education services,All sources,2022-12,10.1,ok,
gss.cpi,Year-on-year inflation (%),Ahafo,Education services,All sources,2023-01,7.2,ok,
gss.cpi,Year-on-year inflation (%),Ahafo,Education services,All sources,2023-02,2.7,ok,
gss.cpi,Year-on-year inflation (%),Ahafo,Education services,All sources,2023-03,3.9,ok,
gss.cpi,Year-on-year inflation (%),Ahafo,Education services,All sources,2023-04,3.5,ok,
gss.cpi,Year-on-year inflation (%),Ahafo,Education services,All sources,2023-05,0.0,ok,
gss.cpi,Year-on-year inflation (%),Ahafo,Education services,All sources,2023-06,-2.6,ok,
gss.cpi,Year-on-year inflation (%),Ahafo,Education services,All sources,2023-07,-1.2,ok,
gss.cpi,Year-on-year inflation (%),Ahafo,Education services,All sources,2023-08,-6.7,ok,
gss.cpi,Year-on-year inflation (%),Ahafo,Education services,All sources,2023-09,0.0,ok,
gss.cpi,Year-on-year inflation (%),Ahafo,Education services,All sources,2023-10,2.4,ok,
gss.cpi,Year-on-year inflation (%),Ahafo,Education services,All sources,2023-11,5.3,ok,
gss.cpi,Year-on-year inflation (%),Ahafo,Education services,All sources,2023-12,5.3,ok,
gss.cpi,Year-on-year inflation (%),Ahafo,Education services,All sources,2024-01,9.6,ok,
gss.cpi,Year-on-year inflation (%),Ahafo,Education services,All sources,2024-02,18.6,ok,
gss.cpi,Year-on-year inflation (%),Ahafo,Education services,All sources,2024-03,20.2,ok,
gss.cpi,Year-on-year inflation (%),Ahafo,Education services,All sources,2024-04,21.8,ok,
gss.cpi,Year-on-year inflation (%),Ahafo,Education services,All sources,2024-05,23.9,ok,
gss.cpi,Year-on-year inflation (%),Ahafo,Education services,All sources,2024-06,22.9,ok,
gss.cpi,Year-on-year inflation (%),Ahafo,Education services,All sources,2024-07,21.1,ok,
gss.cpi,Year-on-year inflation (%),Ahafo,Education services,All sources,2024-08,24.3,ok,
gss.cpi,Year-on-year inflation (%),Ahafo,Education services,All sources,2024-09,24.8,ok,
gss.cpi,Year-on-year inflation (%),Ahafo,Education services,All sources,2024-10,31.0,ok,
gss.cpi,Year-on-year inflation (%),Ahafo,Education services,All sources,2024-11,30.4,ok,
gss.cpi,Year-on-year inflation (%),Ahafo,Education services,All sources,2024-12,30.4,ok,
gss.cpi,Year-on-year inflation (%),Ahafo,Education services,All sources,2025-01,25.3,ok,
gss.cpi,Year-on-year inflation (%),Ahafo,Education services,All sources,2025-02,17.2,ok,
gss.cpi,Year-on-year inflation (%),Ahafo,Education services,All sources,2025-03,18.5,ok,
gss.cpi,Year-on-year inflation (%),Ahafo,Education services,All sources,2025-04,16.9,ok,
gss.cpi,Year-on-year inflation (%),Ahafo,Education services,All sources,2025-05,14.3,ok,
gss.cpi,Year-on-year inflation (%),Ahafo,Education services,All sources,2025-06,14.3,ok,
gss.cpi,Year-on-year inflation (%),Ahafo,Education services,All sources,2025-07,14.3,ok,
gss.cpi,Year-on-year inflation (%),Ahafo,Education services,All sources,2025-08,14.0,ok,
gss.cpi,Year-on-year inflation (%),Ahafo,Education services,All sources,2025-09,16.5,ok,
gss.cpi,Year-on-year inflation (%),Ahafo,Education services,All sources,2025-10,8.8,ok,
gss.cpi,Year-on-year inflation (%),Ahafo,Education services,All sources,2025-11,6.3,ok,
gss.cpi,Year-on-year inflation (%),Ahafo,Education services,All sources,2025-12,7.8,ok,
gss.cpi,Year-on-year inflation (%),Ahafo,Education services,All sources,2026-01,7.8,ok,
gss.cpi,Year-on-year inflation (%),Ahafo,Food,All sources,2022-01,11.3,ok,
gss.cpi,Year-on-year inflation (%),Ahafo,Food,All sources,2022-02,15.4,ok,
gss.cpi,Year-on-year inflation (%),Ahafo,Food,All sources,2022-03,16.8,ok,
gss.cpi,Year-on-year inflation (%),Ahafo,Food,All sources,2022-04,21.1,ok,
gss.cpi,Year-on-year inflation (%),Ahafo,Food,All sources,2022-05,23.8,ok,
gss.cpi,Year-on-year inflation (%),Ahafo,Food,All sources,2022-06,29.4,ok,
gss.cpi,Year-on-year inflation (%),Ahafo,Food,All sources,2022-07,32.2,ok,
gss.cpi,Year-on-year inflation (%),Ahafo,Food,All sources,2022-08,30.4,ok,
gss.cpi,Year-on-year inflation (%),Ahafo,Food,All sources,2022-09,29.1,ok,
gss.cpi,Year-on-year inflation (%),Ahafo,Food,All sources,2022-10,29.1,ok,
gss.cpi,Year-on-year inflation (%),Ahafo,Food,All sources,2022-11,39.9,ok,
gss.cpi,Year-on-year inflation (%),Ahafo,Food,All sources,2022-12,45.7,ok,
gss.cpi,Year-on-year inflation (%),Ahafo,Food,All sources,2023-01,48.4,ok,
gss.cpi,Year-on-year inflation (%),Ahafo,Food,All sources,2023-02,44.6,ok,
gss.cpi,Year-on-year inflation (%),Ahafo,Food,All sources,2023-03,40.0,ok,
gss.cpi,Year-on-year inflation (%),Ahafo,Food,All sources,2023-04,37.7,ok,
gss.cpi,Year-on-year inflation (%),Ahafo,Food,All sources,2023-05,44.3,ok,
gss.cpi,Year-on-year inflation (%),Ahafo,Food,All sources,2023-06,40.9,ok,
gss.cpi,Year-on-year inflation (%),Ahafo,Food,All sources,2023-07,43.8,ok,
gss.cpi,Year-on-year inflation (%),Ahafo,Food,All sources,2023-08,36.9,ok,
gss.cpi,Year-on-year inflation (%),Ahafo,Food,All sources,2023-09,40.5,ok,
gss.cpi,Year-on-year inflation (%),Ahafo,Food,All sources,2023-10,36.7,ok,
gss.cpi,Year-on-year inflation (%),Ahafo,Food,All sources,2023-11,25.3,ok,
gss.cpi,Year-on-year inflation (%),Ahafo,Food,All sources,2023-12,21.8,ok,
gss.cpi,Year-on-year inflation (%),Ahafo,Food,All sources,2024-01,19.5,ok,
gss.cpi,Year-on-year inflation (%),Ahafo,Food,All sources,2024-02,20.0,ok,
gss.cpi,Year-on-year inflation (%),Ahafo,Food,All sources,2024-03,24.6,ok,
gss.cpi,Year-on-year inflation (%),Ahafo,Food,All sources,2024-04,22.7,ok,
gss.cpi,Year-on-year inflation (%),Ahafo,Food,All sources,2024-05,19.2,ok,
gss.cpi,Year-on-year inflation (%),Ahafo,Food,All sources,2024-06,24.0,ok,
gss.cpi,Year-on-year inflation (%),Ahafo,Food,All sources,2024-07,16.6,ok,
gss.cpi,Year-on-year inflation (%),Ahafo,Food,All sources,2024-08,21.8,ok,
gss.cpi,Year-on-year inflation (%),Ahafo,Food,All sources,2024-09,23.4,ok,
gss.cpi,Year-on-year inflation (%),Ahafo,Food,All sources,2024-10,25.4,ok,
gss.cpi,Year-on-year inflation (%),Ahafo,Food,All sources,2024-11,27.1,ok,
gss.cpi,Year-on-year inflation (%),Ahafo,Food,All sources,2024-12,24.7,ok,
gss.cpi,Year-on-year inflation (%),Ahafo,Food,All sources,2025-01,25.7,ok,
gss.cpi,Year-on-year inflation (%),Ahafo,Food,All sources,2025-02,28.3,ok,
gss.cpi,Year-on-year inflation (%),Ahafo,Food,All sources,2025-03,21.8,ok,
gss.cpi,Year-on-year inflation (%),Ahafo,Food,All sources,2025-04,19.4,ok,
gss.cpi,Year-on-year inflation (%),Ahafo,Food,All sources,2025-05,14.7,ok,
gss.cpi,Year-on-year inflation (%),Ahafo,Food,All sources,2025-06,8.2,ok,
gss.cpi,Year-on-year inflation (%),Ahafo,Food,All sources,2025-07,12.0,ok,
gss.cpi,Year-on-year inflation (%),Ahafo,Food,All sources,2025-08,8.5,ok,
gss.cpi,Year-on-year inflation (%),Ahafo,Food,All sources,2025-09,5.5,ok,
gss.cpi,Year-on-year inflation (%),Ahafo,Food,All sources,2025-10,4.6,ok,
gss.cpi,Year-on-year inflation (%),Ahafo,Food,All sources,2025-11,4.4,ok,
gss.cpi,Year-on-year inflation (%),Ahafo,Food,All sources,2025-12,5.6,ok,
gss.cpi,Year-on-year inflation (%),Ahafo,Food,All sources,2026-01,3.9,ok,
gss.cpi,Year-on-year inflation (%),Ahafo,Food and non-alcoholic beverages,All sources,2022-01,11.3,ok,
gss.cpi,Year-on-year inflation (%),Ahafo,Food and non-alcoholic beverages,All sources,2022-02,15.4,ok,
gss.cpi,Year-on-year inflation (%),Ahafo,Food and non-alcoholic beverages,All sources,2022-03,16.8,ok,
gss.cpi,Year-on-year inflation (%),Ahafo,Food and non-alcoholic beverages,All sources,2022-04,21.1,ok,
gss.cpi,Year-on-year inflation (%),Ahafo,Food and non-alcoholic beverages,All sources,2022-05,23.8,ok,
gss.cpi,Year-on-year inflation (%),Ahafo,Food and non-alcoholic beverages,All sources,2022-06,29.4,ok,
gss.cpi,Year-on-year inflation (%),Ahafo,Food and non-alcoholic beverages,All sources,2022-07,32.2,ok,
gss.cpi,Year-on-year inflation (%),Ahafo,Food and non-alcoholic beverages,All sources,2022-08,30.4,ok,
gss.cpi,Year-on-year inflation (%),Ahafo,Food and non-alcoholic beverages,All sources,2022-09,29.1,ok,
gss.cpi,Year-on-year inflation (%),Ahafo,Food and non-alcoholic beverages,All sources,2022-10,29.1,ok,
gss.cpi,Year-on-year inflation (%),Ahafo,Food and non-alcoholic beverages,All sources,2022-11,39.9,ok,
gss.cpi,Year-on-year inflation (%),Ahafo,Food and non-alcoholic beverages,All sources,2022-12,45.7,ok,
gss.cpi,Year-on-year inflation (%),Ahafo,Food and non-alcoholic beverages,All sources,2023-01,48.4,ok,
gss.cpi,Year-on-year inflation (%),Ahafo,Food and non-alcoholic beverages,All sources,2023-02,44.6,ok,
gss.cpi,Year-on-year inflation (%),Ahafo,Food and non-alcoholic beverages,All sources,2023-03,40.0,ok,
gss.cpi,Year-on-year inflation (%),Ahafo,Food and non-alcoholic beverages,All sources,2023-04,37.7,ok,
gss.cpi,Year-on-year inflation (%),Ahafo,Food and non-alcoholic beverages,All sources,2023-05,44.3,ok,
gss.cpi,Year-on-year inflation (%),Ahafo,Food and non-alcoholic beverages,All sources,2023-06,40.9,ok,
gss.cpi,Year-on-year inflation (%),Ahafo,Food and non-alcoholic beverages,All sources,2023-07,43.8,ok,
gss.cpi,Year-on-year inflation (%),Ahafo,Food and non-alcoholic beverages,All sources,2023-08,36.9,ok,
gss.cpi,Year-on-year inflation (%),Ahafo,Food and non-alcoholic beverages,All sources,2023-09,40.5,ok,
gss.cpi,Year-on-year inflation (%),Ahafo,Food and non-alcoholic beverages,All sources,2023-10,36.7,ok,
gss.cpi,Year-on-year inflation (%),Ahafo,Food and non-alcoholic beverages,All sources,2023-11,25.3,ok,
gss.cpi,Year-on-year inflation (%),Ahafo,Food and non-alcoholic beverages,All sources,2023-12,21.8,ok,
gss.cpi,Year-on-year inflation (%),Ahafo,Food and non-alcoholic beverages,All sources,2024-01,19.5,ok,
gss.cpi,Year-on-year inflation (%),Ahafo,Food and non-alcoholic beverages,All sources,2024-02,20.0,ok,
gss.cpi,Year-on-year inflation (%),Ahafo,Food and non-alcoholic beverages,All sources,2024-03,24.6,ok,
gss.cpi,Year-on-year inflation (%),Ahafo,Food and non-alcoholic beverages,All sources,2024-04,22.7,ok,
gss.cpi,Year-on-year inflation (%),Ahafo,Food and non-alcoholic beverages,All sources,2024-05,19.2,ok,
gss.cpi,Year-on-year inflation (%),Ahafo,Food and non-alcoholic beverages,All sources,2024-06,24.0,ok,
gss.cpi,Year-on-year inflation (%),Ahafo,Food and non-alcoholic beverages,All sources,2024-07,16.6,ok,
gss.cpi,Year-on-year inflation (%),Ahafo,Food and non-alcoholic beverages,All sources,2024-08,21.8,ok,
gss.cpi,Year-on-year inflation (%),Ahafo,Food and non-alcoholic beverages,All sources,2024-09,23.4,ok,
gss.cpi,Year-on-year inflation (%),Ahafo,Food and non-alcoholic beverages,All sources,2024-10,25.4,ok,
gss.cpi,Year-on-year inflation (%),Ahafo,Food and non-alcoholic beverages,All sources,2024-11,27.1,ok,
gss.cpi,Year-on-year inflation (%),Ahafo,Food and non-alcoholic beverages,All sources,2024-12,24.7,ok,
gss.cpi,Year-on-year inflation (%),Ahafo,Food and non-alcoholic beverages,All sources,2025-01,25.7,ok,
gss.cpi,Year-on-year inflation (%),Ahafo,Food and non-alcoholic beverages,All sources,2025-02,28.3,ok,
gss.cpi,Year-on-year inflation (%),Ahafo,Food and non-alcoholic beverages,All sources,2025-03,21.8,ok,
gss.cpi,Year-on-year inflation (%),Ahafo,Food and non-alcoholic beverages,All sources,2025-04,19.4,ok,
gss.cpi,Year-on-year inflation (%),Ahafo,Food and non-alcoholic beverages,All sources,2025-05,14.7,ok,
gss.cpi,Year-on-year inflation (%),Ahafo,Food and non-alcoholic beverages,All sources,2025-06,8.2,ok,
gss.cpi,Year-on-year inflation (%),Ahafo,Food and non-alcoholic beverages,All sources,2025-07,12.0,ok,
gss.cpi,Year-on-year inflation (%),Ahafo,Food and non-alcoholic beverages,All sources,2025-08,8.5,ok,
gss.cpi,Year-on-year inflation (%),Ahafo,Food and non-alcoholic beverages,All sources,2025-09,5.5,ok,
gss.cpi,Year-on-year inflation (%),Ahafo,Food and non-alcoholic beverages,All sources,2025-10,4.6,ok,
gss.cpi,Year-on-year inflation (%),Ahafo,Food and non-alcoholic beverages,All sources,2025-11,4.4,ok,
gss.cpi,Year-on-year inflation (%),Ahafo,Food and non-alcoholic beverages,All sources,2025-12,5.6,ok,
gss.cpi,Year-on-year inflation (%),Ahafo,Food and non-alcoholic beverages,All sources,2026-01,3.9,ok,
gss.cpi,Year-on-year inflation (%),Ahafo,"Furnishings, household equipment and routine household maintenance",All sources,2022-01,24.5,ok,
gss.cpi,Year-on-year inflation (%),Ahafo,"Furnishings, household equipment and routine household maintenance",All sources,2022-02,26.6,ok,
gss.cpi,Year-on-year inflation (%),Ahafo,"Furnishings, household equipment and routine household maintenance",All sources,2022-03,35.0,ok,
gss.cpi,Year-on-year inflation (%),Ahafo,"Furnishings, household equipment and routine household maintenance",All sources,2022-04,31.5,ok,
gss.cpi,Year-on-year inflation (%),Ahafo,"Furnishings, household equipment and routine household maintenance",All sources,2022-05,33.5,ok,
gss.cpi,Year-on-year inflation (%),Ahafo,"Furnishings, household equipment and routine household maintenance",All sources,2022-06,36.5,ok,
gss.cpi,Year-on-year inflation (%),Ahafo,"Furnishings, household equipment and routine household maintenance",All sources,2022-07,38.7,ok,
gss.cpi,Year-on-year inflation (%),Ahafo,"Furnishings, household equipment and routine household maintenance",All sources,2022-08,38.2,ok,
gss.cpi,Year-on-year inflation (%),Ahafo,"Furnishings, household equipment and routine household maintenance",All sources,2022-09,36.4,ok,
gss.cpi,Year-on-year inflation (%),Ahafo,"Furnishings, household equipment and routine household maintenance",All sources,2022-10,41.8,ok,
gss.cpi,Year-on-year inflation (%),Ahafo,"Furnishings, household equipment and routine household maintenance",All sources,2022-11,57.5,ok,
gss.cpi,Year-on-year inflation (%),Ahafo,"Furnishings, household equipment and routine household maintenance",All sources,2022-12,66.5,ok,
gss.cpi,Year-on-year inflation (%),Ahafo,"Furnishings, household equipment and routine household maintenance",All sources,2023-01,68.9,ok,
gss.cpi,Year-on-year inflation (%),Ahafo,"Furnishings, household equipment and routine household maintenance",All sources,2023-02,70.5,ok,
gss.cpi,Year-on-year inflation (%),Ahafo,"Furnishings, household equipment and routine household maintenance",All sources,2023-03,55.6,ok,
gss.cpi,Year-on-year inflation (%),Ahafo,"Furnishings, household equipment and routine household maintenance",All sources,2023-04,52.0,ok,
gss.cpi,Year-on-year inflation (%),Ahafo,"Furnishings, household equipment and routine household maintenance",All sources,2023-05,57.9,ok,
gss.cpi,Year-on-year inflation (%),Ahafo,"Furnishings, household equipment and routine household maintenance",All sources,2023-06,54.2,ok,
gss.cpi,Year-on-year inflation (%),Ahafo,"Furnishings, household equipment and routine household maintenance",All sources,2023-07,57.0,ok,
gss.cpi,Year-on-year inflation (%),Ahafo,"Furnishings, household equipment and routine household maintenance",All sources,2023-08,48.5,ok,
gss.cpi,Year-on-year inflation (%),Ahafo,"Furnishings, household equipment and routine household maintenance",All sources,2023-09,48.3,ok,
gss.cpi,Year-on-year inflation (%),Ahafo,"Furnishings, household equipment and routine household maintenance",All sources,2023-10,40.8,ok,
gss.cpi,Year-on-year inflation (%),Ahafo,"Furnishings, household equipment and routine household maintenance",All sources,2023-11,25.5,ok,
gss.cpi,Year-on-year inflation (%),Ahafo,"Furnishings, household equipment and routine household maintenance",All sources,2023-12,19.2,ok,
gss.cpi,Year-on-year inflation (%),Ahafo,"Furnishings, household equipment and routine household maintenance",All sources,2024-01,20.5,ok,
gss.cpi,Year-on-year inflation (%),Ahafo,"Furnishings, household equipment and routine household maintenance",All sources,2024-02,16.6,ok,
gss.cpi,Year-on-year inflation (%),Ahafo,"Furnishings, household equipment and routine household maintenance",All sources,2024-03,19.0,ok,
gss.cpi,Year-on-year inflation (%),Ahafo,"Furnishings, household equipment and routine household maintenance",All sources,2024-04,18.5,ok,
gss.cpi,Year-on-year inflation (%),Ahafo,"Furnishings, household equipment and routine household maintenance",All sources,2024-05,11.5,ok,
gss.cpi,Year-on-year inflation (%),Ahafo,"Furnishings, household equipment and routine household maintenance",All sources,2024-06,10.4,ok,
gss.cpi,Year-on-year inflation (%),Ahafo,"Furnishings, household equipment and routine household maintenance",All sources,2024-07,7.8,ok,
gss.cpi,Year-on-year inflation (%),Ahafo,"Furnishings, household equipment and routine household maintenance",All sources,2024-08,11.3,ok,
gss.cpi,Year-on-year inflation (%),Ahafo,"Furnishings, household equipment and routine household maintenance",All sources,2024-09,11.1,ok,
gss.cpi,Year-on-year inflation (%),Ahafo,"Furnishings, household equipment and routine household maintenance",All sources,2024-10,16.0,ok,
gss.cpi,Year-on-year inflation (%),Ahafo,"Furnishings, household equipment and routine household maintenance",All sources,2024-11,17.0,ok,
gss.cpi,Year-on-year inflation (%),Ahafo,"Furnishings, household equipment and routine household maintenance",All sources,2024-12,18.0,ok,
gss.cpi,Year-on-year inflation (%),Ahafo,"Furnishings, household equipment and routine household maintenance",All sources,2025-01,17.1,ok,
gss.cpi,Year-on-year inflation (%),Ahafo,"Furnishings, household equipment and routine household maintenance",All sources,2025-02,18.6,ok,
gss.cpi,Year-on-year inflation (%),Ahafo,"Furnishings, household equipment and routine household maintenance",All sources,2025-03,19.0,ok,
gss.cpi,Year-on-year inflation (%),Ahafo,"Furnishings, household equipment and routine household maintenance",All sources,2025-04,20.5,ok,
gss.cpi,Year-on-year inflation (%),Ahafo,"Furnishings, household equipment and routine household maintenance",All sources,2025-05,21.7,ok,
gss.cpi,Year-on-year inflation (%),Ahafo,"Furnishings, household equipment and routine household maintenance",All sources,2025-06,19.3,ok,
gss.cpi,Year-on-year inflation (%),Ahafo,"Furnishings, household equipment and routine household maintenance",All sources,2025-07,19.0,ok,
gss.cpi,Year-on-year inflation (%),Ahafo,"Furnishings, household equipment and routine household maintenance",All sources,2025-08,20.7,ok,
gss.cpi,Year-on-year inflation (%),Ahafo,"Furnishings, household equipment and routine household maintenance",All sources,2025-09,19.1,ok,
gss.cpi,Year-on-year inflation (%),Ahafo,"Furnishings, household equipment and routine household maintenance",All sources,2025-10,17.0,ok,
gss.cpi,Year-on-year inflation (%),Ahafo,"Furnishings, household equipment and routine household maintenance",All sources,2025-11,15.8,ok,
gss.cpi,Year-on-year inflation (%),Ahafo,"Furnishings, household equipment and routine household maintenance",All sources,2025-12,14.3,ok,
gss.cpi,Year-on-year inflation (%),Ahafo,"Furnishings, household equipment and routine household maintenance",All sources,2026-01,12.1,ok,
gss.cpi,Year-on-year inflation (%),Ahafo,Health,All sources,2022-01,17.1,ok,
gss.cpi,Year-on-year inflation (%),Ahafo,Health,All sources,2022-02,17.2,ok,
gss.cpi,Year-on-year inflation (%),Ahafo,Health,All sources,2022-03,20.6,ok,
gss.cpi,Year-on-year inflation (%),Ahafo,Health,All sources,2022-04,18.5,ok,
gss.cpi,Year-on-year inflation (%),Ahafo,Health,All sources,2022-05,22.0,ok,
gss.cpi,Year-on-year inflation (%),Ahafo,Health,All sources,2022-06,25.9,ok,
gss.cpi,Year-on-year inflation (%),Ahafo,Health,All sources,2022-07,25.4,ok,
gss.cpi,Year-on-year inflation (%),Ahafo,Health,All sources,2022-08,25.7,ok,
gss.cpi,Year-on-year inflation (%),Ahafo,Health,All sources,2022-09,24.5,ok,
gss.cpi,Year-on-year inflation (%),Ahafo,Health,All sources,2022-10,22.5,ok,
gss.cpi,Year-on-year inflation (%),Ahafo,Health,All sources,2022-11,31.7,ok,
gss.cpi,Year-on-year inflation (%),Ahafo,Health,All sources,2022-12,35.5,ok,
gss.cpi,Year-on-year inflation (%),Ahafo,Health,All sources,2023-01,37.0,ok,
gss.cpi,Year-on-year inflation (%),Ahafo,Health,All sources,2023-02,32.5,ok,
gss.cpi,Year-on-year inflation (%),Ahafo,Health,All sources,2023-03,23.9,ok,
gss.cpi,Year-on-year inflation (%),Ahafo,Health,All sources,2023-04,21.4,ok,
gss.cpi,Year-on-year inflation (%),Ahafo,Health,All sources,2023-05,20.2,ok,
gss.cpi,Year-on-year inflation (%),Ahafo,Health,All sources,2023-06,18.9,ok,
gss.cpi,Year-on-year inflation (%),Ahafo,Health,All sources,2023-07,24.1,ok,
gss.cpi,Year-on-year inflation (%),Ahafo,Health,All sources,2023-08,22.9,ok,
gss.cpi,Year-on-year inflation (%),Ahafo,Health,All sources,2023-09,21.3,ok,
gss.cpi,Year-on-year inflation (%),Ahafo,Health,All sources,2023-10,19.4,ok,
gss.cpi,Year-on-year inflation (%),Ahafo,Health,All sources,2023-11,12.0,ok,
gss.cpi,Year-on-year inflation (%),Ahafo,Health,All sources,2023-12,12.0,ok,
gss.cpi,Year-on-year inflation (%),Ahafo,Health,All sources,2024-01,13.5,ok,
gss.cpi,Year-on-year inflation (%),Ahafo,Health,All sources,2024-02,17.1,ok,
gss.cpi,Year-on-year inflation (%),Ahafo,Health,All sources,2024-03,20.1,ok,
gss.cpi,Year-on-year inflation (%),Ahafo,Health,All sources,2024-04,17.5,ok,
gss.cpi,Year-on-year inflation (%),Ahafo,Health,All sources,2024-05,15.5,ok,
gss.cpi,Year-on-year inflation (%),Ahafo,Health,All sources,2024-06,13.0,ok,
gss.cpi,Year-on-year inflation (%),Ahafo,Health,All sources,2024-07,11.1,ok,
gss.cpi,Year-on-year inflation (%),Ahafo,Health,All sources,2024-08,12.0,ok,
gss.cpi,Year-on-year inflation (%),Ahafo,Health,All sources,2024-09,15.0,ok,
gss.cpi,Year-on-year inflation (%),Ahafo,Health,All sources,2024-10,17.0,ok,
gss.cpi,Year-on-year inflation (%),Ahafo,Health,All sources,2024-11,15.7,ok,
gss.cpi,Year-on-year inflation (%),Ahafo,Health,All sources,2024-12,13.9,ok,
gss.cpi,Year-on-year inflation (%),Ahafo,Health,All sources,2025-01,11.9,ok,
gss.cpi,Year-on-year inflation (%),Ahafo,Health,All sources,2025-02,12.8,ok,
gss.cpi,Year-on-year inflation (%),Ahafo,Health,All sources,2025-03,13.0,ok,
gss.cpi,Year-on-year inflation (%),Ahafo,Health,All sources,2025-04,13.2,ok,
gss.cpi,Year-on-year inflation (%),Ahafo,Health,All sources,2025-05,11.4,ok,
gss.cpi,Year-on-year inflation (%),Ahafo,Health,All sources,2025-06,10.0,ok,
gss.cpi,Year-on-year inflation (%),Ahafo,Health,All sources,2025-07,7.3,ok,
gss.cpi,Year-on-year inflation (%),Ahafo,Health,All sources,2025-08,8.0,ok,
gss.cpi,Year-on-year inflation (%),Ahafo,Health,All sources,2025-09,6.7,ok,
gss.cpi,Year-on-year inflation (%),Ahafo,Health,All sources,2025-10,5.5,ok,
gss.cpi,Year-on-year inflation (%),Ahafo,Health,All sources,2025-11,6.0,ok,
gss.cpi,Year-on-year inflation (%),Ahafo,Health,All sources,2025-12,6.9,ok,
gss.cpi,Year-on-year inflation (%),Ahafo,Health,All sources,2026-01,5.9,ok,
gss.cpi,Year-on-year inflation (%),Ahafo,"Housing, water, electricity, gas and other fuels",All sources,2022-01,16.4,ok,
gss.cpi,Year-on-year inflation (%),Ahafo,"Housing, water, electricity, gas and other fuels",All sources,2022-02,17.2,ok,
gss.cpi,Year-on-year inflation (%),Ahafo,"Housing, water, electricity, gas and other fuels",All sources,2022-03,22.8,ok,
gss.cpi,Year-on-year inflation (%),Ahafo,"Housing, water, electricity, gas and other fuels",All sources,2022-04,25.8,ok,
gss.cpi,Year-on-year inflation (%),Ahafo,"Housing, water, electricity, gas and other fuels",All sources,2022-05,30.7,ok,
gss.cpi,Year-on-year inflation (%),Ahafo,"Housing, water, electricity, gas and other fuels",All sources,2022-06,38.6,ok,
gss.cpi,Year-on-year inflation (%),Ahafo,"Housing, water, electricity, gas and other fuels",All sources,2022-07,40.0,ok,
gss.cpi,Year-on-year inflation (%),Ahafo,"Housing, water, electricity, gas and other fuels",All sources,2022-08,37.1,ok,
gss.cpi,Year-on-year inflation (%),Ahafo,"Housing, water, electricity, gas and other fuels",All sources,2022-09,36.4,ok,
gss.cpi,Year-on-year inflation (%),Ahafo,"Housing, water, electricity, gas and other fuels",All sources,2022-10,43.3,ok,
gss.cpi,Year-on-year inflation (%),Ahafo,"Housing, water, electricity, gas and other fuels",All sources,2022-11,49.6,ok,
gss.cpi,Year-on-year inflation (%),Ahafo,"Housing, water, electricity, gas and other fuels",All sources,2022-12,56.0,ok,
gss.cpi,Year-on-year inflation (%),Ahafo,"Housing, water, electricity, gas and other fuels",All sources,2023-01,56.3,ok,
gss.cpi,Year-on-year inflation (%),Ahafo,"Housing, water, electricity, gas and other fuels",All sources,2023-02,61.0,ok,
gss.cpi,Year-on-year inflation (%),Ahafo,"Housing, water, electricity, gas and other fuels",All sources,2023-03,49.8,ok,
gss.cpi,Year-on-year inflation (%),Ahafo,"Housing, water, electricity, gas and other fuels",All sources,2023-04,45.3,ok,
gss.cpi,Year-on-year inflation (%),Ahafo,"Housing, water, electricity, gas and other fuels",All sources,2023-05,41.5,ok,
gss.cpi,Year-on-year inflation (%),Ahafo,"Housing, water, electricity, gas and other fuels",All sources,2023-06,34.9,ok,
gss.cpi,Year-on-year inflation (%),Ahafo,"Housing, water, electricity, gas and other fuels",All sources,2023-07,35.4,ok,
gss.cpi,Year-on-year inflation (%),Ahafo,"Housing, water, electricity, gas and other fuels",All sources,2023-08,31.5,ok,
gss.cpi,Year-on-year inflation (%),Ahafo,"Housing, water, electricity, gas and other fuels",All sources,2023-09,29.8,ok,
gss.cpi,Year-on-year inflation (%),Ahafo,"Housing, water, electricity, gas and other fuels",All sources,2023-10,20.8,ok,
gss.cpi,Year-on-year inflation (%),Ahafo,"Housing, water, electricity, gas and other fuels",All sources,2023-11,12.7,ok,
gss.cpi,Year-on-year inflation (%),Ahafo,"Housing, water, electricity, gas and other fuels",All sources,2023-12,7.8,ok,
gss.cpi,Year-on-year inflation (%),Ahafo,"Housing, water, electricity, gas and other fuels",All sources,2024-01,6.7,ok,
gss.cpi,Year-on-year inflation (%),Ahafo,"Housing, water, electricity, gas and other fuels",All sources,2024-02,2.5,ok,
gss.cpi,Year-on-year inflation (%),Ahafo,"Housing, water, electricity, gas and other fuels",All sources,2024-03,3.1,ok,
gss.cpi,Year-on-year inflation (%),Ahafo,"Housing, water, electricity, gas and other fuels",All sources,2024-04,3.5,ok,
gss.cpi,Year-on-year inflation (%),Ahafo,"Housing, water, electricity, gas and other fuels",All sources,2024-05,1.8,ok,
gss.cpi,Year-on-year inflation (%),Ahafo,"Housing, water, electricity, gas and other fuels",All sources,2024-06,2.2,ok,
gss.cpi,Year-on-year inflation (%),Ahafo,"Housing, water, electricity, gas and other fuels",All sources,2024-07,0.9,ok,
gss.cpi,Year-on-year inflation (%),Ahafo,"Housing, water, electricity, gas and other fuels",All sources,2024-08,4.2,ok,
gss.cpi,Year-on-year inflation (%),Ahafo,"Housing, water, electricity, gas and other fuels",All sources,2024-09,6.6,ok,
gss.cpi,Year-on-year inflation (%),Ahafo,"Housing, water, electricity, gas and other fuels",All sources,2024-10,9.0,ok,
gss.cpi,Year-on-year inflation (%),Ahafo,"Housing, water, electricity, gas and other fuels",All sources,2024-11,10.0,ok,
gss.cpi,Year-on-year inflation (%),Ahafo,"Housing, water, electricity, gas and other fuels",All sources,2024-12,10.4,ok,
gss.cpi,Year-on-year inflation (%),Ahafo,"Housing, water, electricity, gas and other fuels",All sources,2025-01,11.4,ok,
gss.cpi,Year-on-year inflation (%),Ahafo,"Housing, water, electricity, gas and other fuels",All sources,2025-02,14.2,ok,
gss.cpi,Year-on-year inflation (%),Ahafo,"Housing, water, electricity, gas and other fuels",All sources,2025-03,15.8,ok,
gss.cpi,Year-on-year inflation (%),Ahafo,"Housing, water, electricity, gas and other fuels",All sources,2025-04,15.2,ok,
gss.cpi,Year-on-year inflation (%),Ahafo,"Housing, water, electricity, gas and other fuels",All sources,2025-05,16.3,ok,
gss.cpi,Year-on-year inflation (%),Ahafo,"Housing, water, electricity, gas and other fuels",All sources,2025-06,14.6,ok,
gss.cpi,Year-on-year inflation (%),Ahafo,"Housing, water, electricity, gas and other fuels",All sources,2025-07,15.0,ok,
gss.cpi,Year-on-year inflation (%),Ahafo,"Housing, water, electricity, gas and other fuels",All sources,2025-08,12.8,ok,
gss.cpi,Year-on-year inflation (%),Ahafo,"Housing, water, electricity, gas and other fuels",All sources,2025-09,12.7,ok,
gss.cpi,Year-on-year inflation (%),Ahafo,"Housing, water, electricity, gas and other fuels",All sources,2025-10,11.2,ok,
gss.cpi,Year-on-year inflation (%),Ahafo,"Housing, water, electricity, gas and other fuels",All sources,2025-11,9.8,ok,
gss.cpi,Year-on-year inflation (%),Ahafo,"Housing, water, electricity, gas and other fuels",All sources,2025-12,15.9,ok,
gss.cpi,Year-on-year inflation (%),Ahafo,"Housing, water, electricity, gas and other fuels",All sources,2026-01,16.7,ok,
gss.cpi,Year-on-year inflation (%),Ahafo,Information and communication,All sources,2022-01,5.5,ok,
gss.cpi,Year-on-year inflation (%),Ahafo,Information and communication,All sources,2022-02,12.9,ok,
gss.cpi,Year-on-year inflation (%),Ahafo,Information and communication,All sources,2022-03,14.0,ok,
gss.cpi,Year-on-year inflation (%),Ahafo,Information and communication,All sources,2022-04,12.6,ok,
gss.cpi,Year-on-year inflation (%),Ahafo,Information and communication,All sources,2022-05,18.2,ok,
gss.cpi,Year-on-year inflation (%),Ahafo,Information and communication,All sources,2022-06,21.6,ok,
gss.cpi,Year-on-year inflation (%),Ahafo,Information and communication,All sources,2022-07,21.6,ok,
gss.cpi,Year-on-year inflation (%),Ahafo,Information and communication,All sources,2022-08,22.1,ok,
gss.cpi,Year-on-year inflation (%),Ahafo,Information and communication,All sources,2022-09,20.1,ok,
gss.cpi,Year-on-year inflation (%),Ahafo,Information and communication,All sources,2022-10,20.6,ok,
gss.cpi,Year-on-year inflation (%),Ahafo,Information and communication,All sources,2022-11,23.8,ok,
gss.cpi,Year-on-year inflation (%),Ahafo,Information and communication,All sources,2022-12,25.2,ok,
gss.cpi,Year-on-year inflation (%),Ahafo,Information and communication,All sources,2023-01,25.7,ok,
gss.cpi,Year-on-year inflation (%),Ahafo,Information and communication,All sources,2023-02,18.0,ok,
gss.cpi,Year-on-year inflation (%),Ahafo,Information and communication,All sources,2023-03,16.0,ok,
gss.cpi,Year-on-year inflation (%),Ahafo,Information and communication,All sources,2023-04,16.5,ok,
gss.cpi,Year-on-year inflation (%),Ahafo,Information and communication,All sources,2023-05,12.3,ok,
gss.cpi,Year-on-year inflation (%),Ahafo,Information and communication,All sources,2023-06,9.7,ok,
gss.cpi,Year-on-year inflation (%),Ahafo,Information and communication,All sources,2023-07,9.6,ok,
gss.cpi,Year-on-year inflation (%),Ahafo,Information and communication,All sources,2023-08,10.2,ok,
gss.cpi,Year-on-year inflation (%),Ahafo,Information and communication,All sources,2023-09,11.5,ok,
gss.cpi,Year-on-year inflation (%),Ahafo,Information and communication,All sources,2023-10,11.1,ok,
gss.cpi,Year-on-year inflation (%),Ahafo,Information and communication,All sources,2023-11,7.9,ok,
gss.cpi,Year-on-year inflation (%),Ahafo,Information and communication,All sources,2023-12,6.0,ok,
gss.cpi,Year-on-year inflation (%),Ahafo,Information and communication,All sources,2024-01,6.1,ok,
gss.cpi,Year-on-year inflation (%),Ahafo,Information and communication,All sources,2024-02,5.0,ok,
gss.cpi,Year-on-year inflation (%),Ahafo,Information and communication,All sources,2024-03,4.6,ok,
gss.cpi,Year-on-year inflation (%),Ahafo,Information and communication,All sources,2024-04,4.2,ok,
gss.cpi,Year-on-year inflation (%),Ahafo,Information and communication,All sources,2024-05,2.9,ok,
gss.cpi,Year-on-year inflation (%),Ahafo,Information and communication,All sources,2024-06,2.4,ok,
gss.cpi,Year-on-year inflation (%),Ahafo,Information and communication,All sources,2024-07,14.5,ok,
gss.cpi,Year-on-year inflation (%),Ahafo,Information and communication,All sources,2024-08,12.3,ok,
gss.cpi,Year-on-year inflation (%),Ahafo,Information and communication,All sources,2024-09,11.9,ok,
gss.cpi,Year-on-year inflation (%),Ahafo,Information and communication,All sources,2024-10,1.6,ok,
gss.cpi,Year-on-year inflation (%),Ahafo,Information and communication,All sources,2024-11,1.7,ok,
gss.cpi,Year-on-year inflation (%),Ahafo,Information and communication,All sources,2024-12,7.0,ok,
gss.cpi,Year-on-year inflation (%),Ahafo,Information and communication,All sources,2025-01,6.3,ok,
gss.cpi,Year-on-year inflation (%),Ahafo,Information and communication,All sources,2025-02,7.3,ok,
gss.cpi,Year-on-year inflation (%),Ahafo,Information and communication,All sources,2025-03,8.5,ok,
gss.cpi,Year-on-year inflation (%),Ahafo,Information and communication,All sources,2025-04,10.2,ok,
gss.cpi,Year-on-year inflation (%),Ahafo,Information and communication,All sources,2025-05,10.8,ok,
gss.cpi,Year-on-year inflation (%),Ahafo,Information and communication,All sources,2025-06,10.7,ok,
gss.cpi,Year-on-year inflation (%),Ahafo,Information and communication,All sources,2025-07,2.8,ok,
gss.cpi,Year-on-year inflation (%),Ahafo,Information and communication,All sources,2025-08,3.8,ok,
gss.cpi,Year-on-year inflation (%),Ahafo,Information and communication,All sources,2025-09,2.5,ok,
gss.cpi,Year-on-year inflation (%),Ahafo,Information and communication,All sources,2025-10,12.8,ok,
gss.cpi,Year-on-year inflation (%),Ahafo,Information and communication,All sources,2025-11,12.7,ok,
gss.cpi,Year-on-year inflation (%),Ahafo,Information and communication,All sources,2025-12,7.8,ok,
gss.cpi,Year-on-year inflation (%),Ahafo,Information and communication,All sources,2026-01,7.8,ok,
gss.cpi,Year-on-year inflation (%),Ahafo,Insurance and financial services,All sources,2022-01,0.1,ok,
gss.cpi,Year-on-year inflation (%),Ahafo,Insurance and financial services,All sources,2022-02,0.1,ok,
gss.cpi,Year-on-year inflation (%),Ahafo,Insurance and financial services,All sources,2022-03,0.1,ok,
gss.cpi,Year-on-year inflation (%),Ahafo,Insurance and financial services,All sources,2022-04,0.1,ok,
gss.cpi,Year-on-year inflation (%),Ahafo,Insurance and financial services,All sources,2022-05,0.1,ok,
gss.cpi,Year-on-year inflation (%),Ahafo,Insurance and financial services,All sources,2022-06,0.1,ok,
gss.cpi,Year-on-year inflation (%),Ahafo,Insurance and financial services,All sources,2022-07,0.0,ok,
gss.cpi,Year-on-year inflation (%),Ahafo,Insurance and financial services,All sources,2022-08,0.0,ok,
gss.cpi,Year-on-year inflation (%),Ahafo,Insurance and financial services,All sources,2022-09,0.0,ok,
gss.cpi,Year-on-year inflation (%),Ahafo,Insurance and financial services,All sources,2022-10,7.2,ok,
gss.cpi,Year-on-year inflation (%),Ahafo,Insurance and financial services,All sources,2022-11,7.2,ok,
gss.cpi,Year-on-year inflation (%),Ahafo,Insurance and financial services,All sources,2022-12,0.0,ok,
gss.cpi,Year-on-year inflation (%),Ahafo,Insurance and financial services,All sources,2023-01,0.0,ok,
gss.cpi,Year-on-year inflation (%),Ahafo,Insurance and financial services,All sources,2023-02,0.0,ok,
gss.cpi,Year-on-year inflation (%),Ahafo,Insurance and financial services,All sources,2023-03,0.7,ok,
gss.cpi,Year-on-year inflation (%),Ahafo,Insurance and financial services,All sources,2023-04,0.7,ok,
gss.cpi,Year-on-year inflation (%),Ahafo,Insurance and financial services,All sources,2023-05,0.7,ok,
gss.cpi,Year-on-year inflation (%),Ahafo,Insurance and financial services,All sources,2023-06,0.8,ok,
gss.cpi,Year-on-year inflation (%),Ahafo,Insurance and financial services,All sources,2023-07,0.9,ok,
gss.cpi,Year-on-year inflation (%),Ahafo,Insurance and financial services,All sources,2023-08,8.1,ok,
gss.cpi,Year-on-year inflation (%),Ahafo,Insurance and financial services,All sources,2023-09,8.1,ok,
gss.cpi,Year-on-year inflation (%),Ahafo,Insurance and financial services,All sources,2023-10,0.3,ok,
gss.cpi,Year-on-year inflation (%),Ahafo,Insurance and financial services,All sources,2023-11,0.3,ok,
gss.cpi,Year-on-year inflation (%),Ahafo,Insurance and financial services,All sources,2023-12,0.8,ok,
gss.cpi,Year-on-year inflation (%),Ahafo,Insurance and financial services,All sources,2024-01,1.4,ok,
gss.cpi,Year-on-year inflation (%),Ahafo,Insurance and financial services,All sources,2024-02,1.4,ok,
gss.cpi,Year-on-year inflation (%),Ahafo,Insurance and financial services,All sources,2024-03,0.7,ok,
gss.cpi,Year-on-year inflation (%),Ahafo,Insurance and financial services,All sources,2024-04,7.4,ok,
gss.cpi,Year-on-year inflation (%),Ahafo,Insurance and financial services,All sources,2024-05,8.5,ok,
gss.cpi,Year-on-year inflation (%),Ahafo,Insurance and financial services,All sources,2024-06,9.4,ok,
gss.cpi,Year-on-year inflation (%),Ahafo,Insurance and financial services,All sources,2024-07,8.2,ok,
gss.cpi,Year-on-year inflation (%),Ahafo,Insurance and financial services,All sources,2024-08,2.3,ok,
gss.cpi,Year-on-year inflation (%),Ahafo,Insurance and financial services,All sources,2024-09,2.3,ok,
gss.cpi,Year-on-year inflation (%),Ahafo,Insurance and financial services,All sources,2024-10,2.8,ok,
gss.cpi,Year-on-year inflation (%),Ahafo,Insurance and financial services,All sources,2024-11,2.8,ok,
gss.cpi,Year-on-year inflation (%),Ahafo,Insurance and financial services,All sources,2024-12,9.7,ok,
gss.cpi,Year-on-year inflation (%),Ahafo,Insurance and financial services,All sources,2025-01,9.1,ok,
gss.cpi,Year-on-year inflation (%),Ahafo,Insurance and financial services,All sources,2025-02,9.1,ok,
gss.cpi,Year-on-year inflation (%),Ahafo,Insurance and financial services,All sources,2025-03,9.1,ok,
gss.cpi,Year-on-year inflation (%),Ahafo,Insurance and financial services,All sources,2025-04,2.3,ok,
gss.cpi,Year-on-year inflation (%),Ahafo,Insurance and financial services,All sources,2025-05,-4.9,ok,
gss.cpi,Year-on-year inflation (%),Ahafo,Insurance and financial services,All sources,2025-06,-17.8,warn,yoy_band
gss.cpi,Year-on-year inflation (%),Ahafo,Insurance and financial services,All sources,2025-07,-83.0,warn,yoy_band
gss.cpi,Year-on-year inflation (%),Ahafo,Insurance and financial services,All sources,2025-08,-83.2,warn,yoy_band
gss.cpi,Year-on-year inflation (%),Ahafo,Insurance and financial services,All sources,2025-09,-83.2,warn,yoy_band
gss.cpi,Year-on-year inflation (%),Ahafo,Insurance and financial services,All sources,2025-10,-83.2,warn,yoy_band
gss.cpi,Year-on-year inflation (%),Ahafo,Insurance and financial services,All sources,2025-11,-83.2,warn,yoy_band
gss.cpi,Year-on-year inflation (%),Ahafo,Insurance and financial services,All sources,2025-12,-83.2,warn,yoy_band
gss.cpi,Year-on-year inflation (%),Ahafo,Insurance and financial services,All sources,2026-01,-83.2,warn,yoy_band
gss.cpi,Year-on-year inflation (%),Ahafo,Non-food,All sources,2021-07,7.0,ok,
gss.cpi,Year-on-year inflation (%),Ahafo,Non-food,All sources,2021-08,8.2,ok,
gss.cpi,Year-on-year inflation (%),Ahafo,Non-food,All sources,2021-09,9.6,ok,
gss.cpi,Year-on-year inflation (%),Ahafo,Non-food,All sources,2021-10,8.5,ok,
gss.cpi,Year-on-year inflation (%),Ahafo,Non-food,All sources,2021-11,9.8,ok,
gss.cpi,Year-on-year inflation (%),Ahafo,Non-food,All sources,2021-12,8.9,ok,
gss.cpi,Year-on-year inflation (%),Ahafo,Non-food,All sources,2022-01,,held,yoy_consistency
gss.cpi,Year-on-year inflation (%),Ahafo,Non-food,All sources,2022-02,,held,yoy_consistency
gss.cpi,Year-on-year inflation (%),Ahafo,Non-food,All sources,2022-03,,held,yoy_consistency
gss.cpi,Year-on-year inflation (%),Ahafo,Non-food,All sources,2022-04,,held,yoy_consistency
gss.cpi,Year-on-year inflation (%),Ahafo,Non-food,All sources,2022-05,,held,yoy_consistency
gss.cpi,Year-on-year inflation (%),Ahafo,Non-food,All sources,2022-06,,held,yoy_consistency
gss.cpi,Year-on-year inflation (%),Ahafo,Non-food,All sources,2022-07,,held,yoy_consistency
gss.cpi,Year-on-year inflation (%),Ahafo,Non-food,All sources,2022-08,,held,yoy_consistency
gss.cpi,Year-on-year inflation (%),Ahafo,Non-food,All sources,2022-09,,held,yoy_consistency
gss.cpi,Year-on-year inflation (%),Ahafo,Non-food,All sources,2022-10,,held,yoy_consistency
gss.cpi,Year-on-year inflation (%),Ahafo,Non-food,All sources,2022-11,,held,yoy_consistency
gss.cpi,Year-on-year inflation (%),Ahafo,Non-food,All sources,2022-12,,held,yoy_consistency
gss.cpi,Year-on-year inflation (%),Ahafo,Non-food,All sources,2023-01,,held,yoy_consistency
gss.cpi,Year-on-year inflation (%),Ahafo,Non-food,All sources,2023-02,,held,yoy_consistency
gss.cpi,Year-on-year inflation (%),Ahafo,Non-food,All sources,2023-03,,held,yoy_consistency
gss.cpi,Year-on-year inflation (%),Ahafo,Non-food,All sources,2023-04,,held,yoy_consistency
gss.cpi,Year-on-year inflation (%),Ahafo,Non-food,All sources,2023-05,,held,yoy_consistency
gss.cpi,Year-on-year inflation (%),Ahafo,Non-food,All sources,2023-06,,held,yoy_consistency
gss.cpi,Year-on-year inflation (%),Ahafo,Non-food,All sources,2023-07,,held,yoy_consistency
gss.cpi,Year-on-year inflation (%),Ahafo,Non-food,All sources,2023-08,,held,yoy_consistency
gss.cpi,Year-on-year inflation (%),Ahafo,Non-food,All sources,2023-09,,held,yoy_consistency
gss.cpi,Year-on-year inflation (%),Ahafo,Non-food,All sources,2023-10,,held,yoy_consistency
gss.cpi,Year-on-year inflation (%),Ahafo,Non-food,All sources,2023-11,,held,yoy_consistency
gss.cpi,Year-on-year inflation (%),Ahafo,Non-food,All sources,2023-12,,held,yoy_consistency
gss.cpi,Year-on-year inflation (%),Ahafo,Non-food,All sources,2024-01,,held,yoy_consistency
gss.cpi,Year-on-year inflation (%),Ahafo,Non-food,All sources,2024-02,,held,yoy_consistency
gss.cpi,Year-on-year inflation (%),Ahafo,Non-food,All sources,2024-03,,held,yoy_consistency
gss.cpi,Year-on-year inflation (%),Ahafo,Non-food,All sources,2024-04,,held,yoy_consistency
gss.cpi,Year-on-year inflation (%),Ahafo,Non-food,All sources,2024-05,,held,yoy_consistency
gss.cpi,Year-on-year inflation (%),Ahafo,Non-food,All sources,2024-06,,held,yoy_consistency
gss.cpi,Year-on-year inflation (%),Ahafo,Non-food,All sources,2024-07,,held,yoy_consistency
gss.cpi,Year-on-year inflation (%),Ahafo,Non-food,All sources,2024-08,,held,yoy_consistency
gss.cpi,Year-on-year inflation (%),Ahafo,Non-food,All sources,2024-09,,held,yoy_consistency
gss.cpi,Year-on-year inflation (%),Ahafo,Non-food,All sources,2024-10,,held,yoy_consistency
gss.cpi,Year-on-year inflation (%),Ahafo,Non-food,All sources,2024-11,,held,yoy_consistency
gss.cpi,Year-on-year inflation (%),Ahafo,Non-food,All sources,2024-12,,held,yoy_consistency
gss.cpi,Year-on-year inflation (%),Ahafo,Non-food,All sources,2025-01,,held,yoy_consistency
gss.cpi,Year-on-year inflation (%),Ahafo,Non-food,All sources,2025-02,,held,yoy_consistency
gss.cpi,Year-on-year inflation (%),Ahafo,Non-food,All sources,2025-03,,held,yoy_consistency
gss.cpi,Year-on-year inflation (%),Ahafo,Non-food,All sources,2025-04,,held,yoy_consistency
gss.cpi,Year-on-year inflation (%),Ahafo,Non-food,All sources,2025-05,,held,yoy_consistency
gss.cpi,Year-on-year inflation (%),Ahafo,Non-food,All sources,2025-06,,held,yoy_consistency
gss.cpi,Year-on-year inflation (%),Ahafo,Non-food,All sources,2025-07,,held,regional_nonfood;yoy_consistency
gss.cpi,Year-on-year inflation (%),Ahafo,Non-food,All sources,2025-08,,held,yoy_consistency
gss.cpi,Year-on-year inflation (%),Ahafo,Non-food,All sources,2025-09,,held,yoy_consistency
gss.cpi,Year-on-year inflation (%),Ahafo,Non-food,All sources,2025-10,,held,regional_nonfood;yoy_consistency
gss.cpi,Year-on-year inflation (%),Ahafo,Non-food,All sources,2025-11,,held,yoy_consistency
gss.cpi,Year-on-year inflation (%),Ahafo,Non-food,All sources,2025-12,,held,yoy_consistency
gss.cpi,Year-on-year inflation (%),Ahafo,Non-food,All sources,2026-01,,held,yoy_consistency
gss.cpi,Year-on-year inflation (%),Ahafo,"Personal care, social protection and miscellaneous goods and services",All sources,2022-01,22.1,ok,
gss.cpi,Year-on-year inflation (%),Ahafo,"Personal care, social protection and miscellaneous goods and services",All sources,2022-02,27.5,ok,
gss.cpi,Year-on-year inflation (%),Ahafo,"Personal care, social protection and miscellaneous goods and services",All sources,2022-03,30.0,ok,
gss.cpi,Year-on-year inflation (%),Ahafo,"Personal care, social protection and miscellaneous goods and services",All sources,2022-04,36.1,ok,
gss.cpi,Year-on-year inflation (%),Ahafo,"Personal care, social protection and miscellaneous goods and services",All sources,2022-05,43.9,ok,
gss.cpi,Year-on-year inflation (%),Ahafo,"Personal care, social protection and miscellaneous goods and services",All sources,2022-06,50.3,ok,
gss.cpi,Year-on-year inflation (%),Ahafo,"Personal care, social protection and miscellaneous goods and services",All sources,2022-07,50.7,ok,
gss.cpi,Year-on-year inflation (%),Ahafo,"Personal care, social protection and miscellaneous goods and services",All sources,2022-08,52.3,ok,
gss.cpi,Year-on-year inflation (%),Ahafo,"Personal care, social protection and miscellaneous goods and services",All sources,2022-09,45.9,ok,
gss.cpi,Year-on-year inflation (%),Ahafo,"Personal care, social protection and miscellaneous goods and services",All sources,2022-10,50.8,ok,
gss.cpi,Year-on-year inflation (%),Ahafo,"Personal care, social protection and miscellaneous goods and services",All sources,2022-11,65.3,ok,
gss.cpi,Year-on-year inflation (%),Ahafo,"Personal care, social protection and miscellaneous goods and services",All sources,2022-12,75.8,ok,
gss.cpi,Year-on-year inflation (%),Ahafo,"Personal care, social protection and miscellaneous goods and services",All sources,2023-01,77.7,ok,
gss.cpi,Year-on-year inflation (%),Ahafo,"Personal care, social protection and miscellaneous goods and services",All sources,2023-02,76.6,ok,
gss.cpi,Year-on-year inflation (%),Ahafo,"Personal care, social protection and miscellaneous goods and services",All sources,2023-03,69.9,ok,
gss.cpi,Year-on-year inflation (%),Ahafo,"Personal care, social protection and miscellaneous goods and services",All sources,2023-04,57.3,ok,
gss.cpi,Year-on-year inflation (%),Ahafo,"Personal care, social protection and miscellaneous goods and services",All sources,2023-05,59.3,ok,
gss.cpi,Year-on-year inflation (%),Ahafo,"Personal care, social protection and miscellaneous goods and services",All sources,2023-06,57.9,ok,
gss.cpi,Year-on-year inflation (%),Ahafo,"Personal care, social protection and miscellaneous goods and services",All sources,2023-07,58.8,ok,
gss.cpi,Year-on-year inflation (%),Ahafo,"Personal care, social protection and miscellaneous goods and services",All sources,2023-08,49.8,ok,
gss.cpi,Year-on-year inflation (%),Ahafo,"Personal care, social protection and miscellaneous goods and services",All sources,2023-09,52.2,ok,
gss.cpi,Year-on-year inflation (%),Ahafo,"Personal care, social protection and miscellaneous goods and services",All sources,2023-10,42.6,ok,
gss.cpi,Year-on-year inflation (%),Ahafo,"Personal care, social protection and miscellaneous goods and services",All sources,2023-11,29.6,ok,
gss.cpi,Year-on-year inflation (%),Ahafo,"Personal care, social protection and miscellaneous goods and services",All sources,2023-12,21.8,ok,
gss.cpi,Year-on-year inflation (%),Ahafo,"Personal care, social protection and miscellaneous goods and services",All sources,2024-01,23.0,ok,
gss.cpi,Year-on-year inflation (%),Ahafo,"Personal care, social protection and miscellaneous goods and services",All sources,2024-02,19.0,ok,
gss.cpi,Year-on-year inflation (%),Ahafo,"Personal care, social protection and miscellaneous goods and services",All sources,2024-03,21.4,ok,
gss.cpi,Year-on-year inflation (%),Ahafo,"Personal care, social protection and miscellaneous goods and services",All sources,2024-04,20.8,ok,
gss.cpi,Year-on-year inflation (%),Ahafo,"Personal care, social protection and miscellaneous goods and services",All sources,2024-05,12.2,ok,
gss.cpi,Year-on-year inflation (%),Ahafo,"Personal care, social protection and miscellaneous goods and services",All sources,2024-06,9.3,ok,
gss.cpi,Year-on-year inflation (%),Ahafo,"Personal care, social protection and miscellaneous goods and services",All sources,2024-07,10.4,ok,
gss.cpi,Year-on-year inflation (%),Ahafo,"Personal care, social protection and miscellaneous goods and services",All sources,2024-08,13.5,ok,
gss.cpi,Year-on-year inflation (%),Ahafo,"Personal care, social protection and miscellaneous goods and services",All sources,2024-09,14.1,ok,
gss.cpi,Year-on-year inflation (%),Ahafo,"Personal care, social protection and miscellaneous goods and services",All sources,2024-10,18.8,ok,
gss.cpi,Year-on-year inflation (%),Ahafo,"Personal care, social protection and miscellaneous goods and services",All sources,2024-11,18.6,ok,
gss.cpi,Year-on-year inflation (%),Ahafo,"Personal care, social protection and miscellaneous goods and services",All sources,2024-12,18.6,ok,
gss.cpi,Year-on-year inflation (%),Ahafo,"Personal care, social protection and miscellaneous goods and services",All sources,2025-01,15.1,ok,
gss.cpi,Year-on-year inflation (%),Ahafo,"Personal care, social protection and miscellaneous goods and services",All sources,2025-02,15.0,ok,
gss.cpi,Year-on-year inflation (%),Ahafo,"Personal care, social protection and miscellaneous goods and services",All sources,2025-03,13.9,ok,
gss.cpi,Year-on-year inflation (%),Ahafo,"Personal care, social protection and miscellaneous goods and services",All sources,2025-04,15.4,ok,
gss.cpi,Year-on-year inflation (%),Ahafo,"Personal care, social protection and miscellaneous goods and services",All sources,2025-05,17.2,ok,
gss.cpi,Year-on-year inflation (%),Ahafo,"Personal care, social protection and miscellaneous goods and services",All sources,2025-06,12.5,ok,
gss.cpi,Year-on-year inflation (%),Ahafo,"Personal care, social protection and miscellaneous goods and services",All sources,2025-07,11.6,ok,
gss.cpi,Year-on-year inflation (%),Ahafo,"Personal care, social protection and miscellaneous goods and services",All sources,2025-08,12.7,ok,
gss.cpi,Year-on-year inflation (%),Ahafo,"Personal care, social protection and miscellaneous goods and services",All sources,2025-09,12.6,ok,
gss.cpi,Year-on-year inflation (%),Ahafo,"Personal care, social protection and miscellaneous goods and services",All sources,2025-10,11.8,ok,
gss.cpi,Year-on-year inflation (%),Ahafo,"Personal care, social protection and miscellaneous goods and services",All sources,2025-11,11.8,ok,
gss.cpi,Year-on-year inflation (%),Ahafo,"Personal care, social protection and miscellaneous goods and services",All sources,2025-12,11.4,ok,
gss.cpi,Year-on-year inflation (%),Ahafo,"Personal care, social protection and miscellaneous goods and services",All sources,2026-01,11.3,ok,
gss.cpi,Year-on-year inflation (%),Ahafo,"Recreation, sport and culture",All sources,2022-01,11.7,ok,
gss.cpi,Year-on-year inflation (%),Ahafo,"Recreation, sport and culture",All sources,2022-02,10.1,ok,
gss.cpi,Year-on-year inflation (%),Ahafo,"Recreation, sport and culture",All sources,2022-03,12.2,ok,
gss.cpi,Year-on-year inflation (%),Ahafo,"Recreation, sport and culture",All sources,2022-04,11.1,ok,
gss.cpi,Year-on-year inflation (%),Ahafo,"Recreation, sport and culture",All sources,2022-05,17.0,ok,
gss.cpi,Year-on-year inflation (%),Ahafo,"Recreation, sport and culture",All sources,2022-06,19.9,ok,
gss.cpi,Year-on-year inflation (%),Ahafo,"Recreation, sport and culture",All sources,2022-07,20.1,ok,
gss.cpi,Year-on-year inflation (%),Ahafo,"Recreation, sport and culture",All sources,2022-08,19.8,ok,
gss.cpi,Year-on-year inflation (%),Ahafo,"Recreation, sport and culture",All sources,2022-09,17.8,ok,
gss.cpi,Year-on-year inflation (%),Ahafo,"Recreation, sport and culture",All sources,2022-10,21.1,ok,
gss.cpi,Year-on-year inflation (%),Ahafo,"Recreation, sport and culture",All sources,2022-11,28.7,ok,
gss.cpi,Year-on-year inflation (%),Ahafo,"Recreation, sport and culture",All sources,2022-12,32.8,ok,
gss.cpi,Year-on-year inflation (%),Ahafo,"Recreation, sport and culture",All sources,2023-01,30.5,ok,
gss.cpi,Year-on-year inflation (%),Ahafo,"Recreation, sport and culture",All sources,2023-02,33.3,ok,
gss.cpi,Year-on-year inflation (%),Ahafo,"Recreation, sport and culture",All sources,2023-03,27.7,ok,
gss.cpi,Year-on-year inflation (%),Ahafo,"Recreation, sport and culture",All sources,2023-04,26.9,ok,
gss.cpi,Year-on-year inflation (%),Ahafo,"Recreation, sport and culture",All sources,2023-05,25.5,ok,
gss.cpi,Year-on-year inflation (%),Ahafo,"Recreation, sport and culture",All sources,2023-06,29.3,ok,
gss.cpi,Year-on-year inflation (%),Ahafo,"Recreation, sport and culture",All sources,2023-07,35.1,ok,
gss.cpi,Year-on-year inflation (%),Ahafo,"Recreation, sport and culture",All sources,2023-08,31.1,ok,
gss.cpi,Year-on-year inflation (%),Ahafo,"Recreation, sport and culture",All sources,2023-09,29.9,ok,
gss.cpi,Year-on-year inflation (%),Ahafo,"Recreation, sport and culture",All sources,2023-10,31.1,ok,
gss.cpi,Year-on-year inflation (%),Ahafo,"Recreation, sport and culture",All sources,2023-11,35.3,ok,
gss.cpi,Year-on-year inflation (%),Ahafo,"Recreation, sport and culture",All sources,2023-12,31.1,ok,
gss.cpi,Year-on-year inflation (%),Ahafo,"Recreation, sport and culture",All sources,2024-01,31.2,ok,
gss.cpi,Year-on-year inflation (%),Ahafo,"Recreation, sport and culture",All sources,2024-02,31.6,ok,
gss.cpi,Year-on-year inflation (%),Ahafo,"Recreation, sport and culture",All sources,2024-03,39.0,ok,
gss.cpi,Year-on-year inflation (%),Ahafo,"Recreation, sport and culture",All sources,2024-04,33.4,ok,
gss.cpi,Year-on-year inflation (%),Ahafo,"Recreation, sport and culture",All sources,2024-05,35.5,ok,
gss.cpi,Year-on-year inflation (%),Ahafo,"Recreation, sport and culture",All sources,2024-06,28.7,ok,
gss.cpi,Year-on-year inflation (%),Ahafo,"Recreation, sport and culture",All sources,2024-07,25.9,ok,
gss.cpi,Year-on-year inflation (%),Ahafo,"Recreation, sport and culture",All sources,2024-08,31.3,ok,
gss.cpi,Year-on-year inflation (%),Ahafo,"Recreation, sport and culture",All sources,2024-09,32.9,ok,
gss.cpi,Year-on-year inflation (%),Ahafo,"Recreation, sport and culture",All sources,2024-10,32.6,ok,
gss.cpi,Year-on-year inflation (%),Ahafo,"Recreation, sport and culture",All sources,2024-11,21.5,ok,
gss.cpi,Year-on-year inflation (%),Ahafo,"Recreation, sport and culture",All sources,2024-12,20.9,ok,
gss.cpi,Year-on-year inflation (%),Ahafo,"Recreation, sport and culture",All sources,2025-01,19.8,ok,
gss.cpi,Year-on-year inflation (%),Ahafo,"Recreation, sport and culture",All sources,2025-02,17.2,ok,
gss.cpi,Year-on-year inflation (%),Ahafo,"Recreation, sport and culture",All sources,2025-03,13.7,ok,
gss.cpi,Year-on-year inflation (%),Ahafo,"Recreation, sport and culture",All sources,2025-04,17.7,ok,
gss.cpi,Year-on-year inflation (%),Ahafo,"Recreation, sport and culture",All sources,2025-05,11.2,ok,
gss.cpi,Year-on-year inflation (%),Ahafo,"Recreation, sport and culture",All sources,2025-06,9.8,ok,
gss.cpi,Year-on-year inflation (%),Ahafo,"Recreation, sport and culture",All sources,2025-07,10.3,ok,
gss.cpi,Year-on-year inflation (%),Ahafo,"Recreation, sport and culture",All sources,2025-08,9.0,ok,
gss.cpi,Year-on-year inflation (%),Ahafo,"Recreation, sport and culture",All sources,2025-09,8.1,ok,
gss.cpi,Year-on-year inflation (%),Ahafo,"Recreation, sport and culture",All sources,2025-10,6.4,ok,
gss.cpi,Year-on-year inflation (%),Ahafo,"Recreation, sport and culture",All sources,2025-11,5.6,ok,
gss.cpi,Year-on-year inflation (%),Ahafo,"Recreation, sport and culture",All sources,2025-12,5.6,ok,
gss.cpi,Year-on-year inflation (%),Ahafo,"Recreation, sport and culture",All sources,2026-01,5.7,ok,
gss.cpi,Year-on-year inflation (%),Ahafo,Restaurants and accommodation services,All sources,2022-01,12.6,ok,
gss.cpi,Year-on-year inflation (%),Ahafo,Restaurants and accommodation services,All sources,2022-02,22.1,ok,
gss.cpi,Year-on-year inflation (%),Ahafo,Restaurants and accommodation services,All sources,2022-03,23.7,ok,
gss.cpi,Year-on-year inflation (%),Ahafo,Restaurants and accommodation services,All sources,2022-04,23.7,ok,
gss.cpi,Year-on-year inflation (%),Ahafo,Restaurants and accommodation services,All sources,2022-05,23.7,ok,
gss.cpi,Year-on-year inflation (%),Ahafo,Restaurants and accommodation services,All sources,2022-06,32.5,ok,
gss.cpi,Year-on-year inflation (%),Ahafo,Restaurants and accommodation services,All sources,2022-07,24.0,ok,
gss.cpi,Year-on-year inflation (%),Ahafo,Restaurants and accommodation services,All sources,2022-08,24.0,ok,
gss.cpi,Year-on-year inflation (%),Ahafo,Restaurants and accommodation services,All sources,2022-09,22.0,ok,
gss.cpi,Year-on-year inflation (%),Ahafo,Restaurants and accommodation services,All sources,2022-10,26.4,ok,
gss.cpi,Year-on-year inflation (%),Ahafo,Restaurants and accommodation services,All sources,2022-11,28.7,ok,
gss.cpi,Year-on-year inflation (%),Ahafo,Restaurants and accommodation services,All sources,2022-12,29.3,ok,
gss.cpi,Year-on-year inflation (%),Ahafo,Restaurants and accommodation services,All sources,2023-01,31.0,ok,
gss.cpi,Year-on-year inflation (%),Ahafo,Restaurants and accommodation services,All sources,2023-02,22.2,ok,
gss.cpi,Year-on-year inflation (%),Ahafo,Restaurants and accommodation services,All sources,2023-03,20.6,ok,
gss.cpi,Year-on-year inflation (%),Ahafo,Restaurants and accommodation services,All sources,2023-04,20.6,ok,
gss.cpi,Year-on-year inflation (%),Ahafo,Restaurants and accommodation services,All sources,2023-05,21.3,ok,
gss.cpi,Year-on-year inflation (%),Ahafo,Restaurants and accommodation services,All sources,2023-06,15.4,ok,
gss.cpi,Year-on-year inflation (%),Ahafo,Restaurants and accommodation services,All sources,2023-07,17.3,ok,
gss.cpi,Year-on-year inflation (%),Ahafo,Restaurants and accommodation services,All sources,2023-08,26.2,ok,
gss.cpi,Year-on-year inflation (%),Ahafo,Restaurants and accommodation services,All sources,2023-09,26.2,ok,
gss.cpi,Year-on-year inflation (%),Ahafo,Restaurants and accommodation services,All sources,2023-10,26.0,ok,
gss.cpi,Year-on-year inflation (%),Ahafo,Restaurants and accommodation services,All sources,2023-11,31.4,ok,
gss.cpi,Year-on-year inflation (%),Ahafo,Restaurants and accommodation services,All sources,2023-12,27.2,ok,
gss.cpi,Year-on-year inflation (%),Ahafo,Restaurants and accommodation services,All sources,2024-01,24.6,ok,
gss.cpi,Year-on-year inflation (%),Ahafo,Restaurants and accommodation services,All sources,2024-02,32.2,ok,
gss.cpi,Year-on-year inflation (%),Ahafo,Restaurants and accommodation services,All sources,2024-03,32.2,ok,
gss.cpi,Year-on-year inflation (%),Ahafo,Restaurants and accommodation services,All sources,2024-04,32.2,ok,
gss.cpi,Year-on-year inflation (%),Ahafo,Restaurants and accommodation services,All sources,2024-05,32.6,ok,
gss.cpi,Year-on-year inflation (%),Ahafo,Restaurants and accommodation services,All sources,2024-06,30.1,ok,
gss.cpi,Year-on-year inflation (%),Ahafo,Restaurants and accommodation services,All sources,2024-07,28.1,ok,
gss.cpi,Year-on-year inflation (%),Ahafo,Restaurants and accommodation services,All sources,2024-08,19.0,ok,
gss.cpi,Year-on-year inflation (%),Ahafo,Restaurants and accommodation services,All sources,2024-09,28.8,ok,
gss.cpi,Year-on-year inflation (%),Ahafo,Restaurants and accommodation services,All sources,2024-10,24.9,ok,
gss.cpi,Year-on-year inflation (%),Ahafo,Restaurants and accommodation services,All sources,2024-11,13.4,ok,
gss.cpi,Year-on-year inflation (%),Ahafo,Restaurants and accommodation services,All sources,2024-12,15.7,ok,
gss.cpi,Year-on-year inflation (%),Ahafo,Restaurants and accommodation services,All sources,2025-01,18.3,ok,
gss.cpi,Year-on-year inflation (%),Ahafo,Restaurants and accommodation services,All sources,2025-02,10.2,ok,
gss.cpi,Year-on-year inflation (%),Ahafo,Restaurants and accommodation services,All sources,2025-03,12.0,ok,
gss.cpi,Year-on-year inflation (%),Ahafo,Restaurants and accommodation services,All sources,2025-04,14.3,ok,
gss.cpi,Year-on-year inflation (%),Ahafo,Restaurants and accommodation services,All sources,2025-05,14.9,ok,
gss.cpi,Year-on-year inflation (%),Ahafo,Restaurants and accommodation services,All sources,2025-06,14.9,ok,
gss.cpi,Year-on-year inflation (%),Ahafo,Restaurants and accommodation services,All sources,2025-07,16.1,ok,
gss.cpi,Year-on-year inflation (%),Ahafo,Restaurants and accommodation services,All sources,2025-08,16.1,ok,
gss.cpi,Year-on-year inflation (%),Ahafo,Restaurants and accommodation services,All sources,2025-09,10.6,ok,
gss.cpi,Year-on-year inflation (%),Ahafo,Restaurants and accommodation services,All sources,2025-10,10.2,ok,
gss.cpi,Year-on-year inflation (%),Ahafo,Restaurants and accommodation services,All sources,2025-11,10.2,ok,
gss.cpi,Year-on-year inflation (%),Ahafo,Restaurants and accommodation services,All sources,2025-12,10.6,ok,
gss.cpi,Year-on-year inflation (%),Ahafo,Restaurants and accommodation services,All sources,2026-01,10.4,ok,
gss.cpi,Year-on-year inflation (%),Ahafo,Transport,All sources,2022-01,20.4,ok,
gss.cpi,Year-on-year inflation (%),Ahafo,Transport,All sources,2022-02,34.6,ok,
gss.cpi,Year-on-year inflation (%),Ahafo,Transport,All sources,2022-03,49.1,ok,
gss.cpi,Year-on-year inflation (%),Ahafo,Transport,All sources,2022-04,52.3,ok,
gss.cpi,Year-on-year inflation (%),Ahafo,Transport,All sources,2022-05,65.6,ok,
gss.cpi,Year-on-year inflation (%),Ahafo,Transport,All sources,2022-06,59.8,ok,
gss.cpi,Year-on-year inflation (%),Ahafo,Transport,All sources,2022-07,62.1,ok,
gss.cpi,Year-on-year inflation (%),Ahafo,Transport,All sources,2022-08,64.6,ok,
gss.cpi,Year-on-year inflation (%),Ahafo,Transport,All sources,2022-09,58.0,ok,
gss.cpi,Year-on-year inflation (%),Ahafo,Transport,All sources,2022-10,55.0,ok,
gss.cpi,Year-on-year inflation (%),Ahafo,Transport,All sources,2022-11,82.2,ok,
gss.cpi,Year-on-year inflation (%),Ahafo,Transport,All sources,2022-12,86.8,ok,
gss.cpi,Year-on-year inflation (%),Ahafo,Transport,All sources,2023-01,74.3,ok,
gss.cpi,Year-on-year inflation (%),Ahafo,Transport,All sources,2023-02,63.6,ok,
gss.cpi,Year-on-year inflation (%),Ahafo,Transport,All sources,2023-03,45.0,ok,
gss.cpi,Year-on-year inflation (%),Ahafo,Transport,All sources,2023-04,36.5,ok,
gss.cpi,Year-on-year inflation (%),Ahafo,Transport,All sources,2023-05,27.4,ok,
gss.cpi,Year-on-year inflation (%),Ahafo,Transport,All sources,2023-06,23.6,ok,
gss.cpi,Year-on-year inflation (%),Ahafo,Transport,All sources,2023-07,21.4,ok,
gss.cpi,Year-on-year inflation (%),Ahafo,Transport,All sources,2023-08,18.9,ok,
gss.cpi,Year-on-year inflation (%),Ahafo,Transport,All sources,2023-09,19.5,ok,
gss.cpi,Year-on-year inflation (%),Ahafo,Transport,All sources,2023-10,21.1,ok,
gss.cpi,Year-on-year inflation (%),Ahafo,Transport,All sources,2023-11,2.2,ok,
gss.cpi,Year-on-year inflation (%),Ahafo,Transport,All sources,2023-12,0.2,ok,
gss.cpi,Year-on-year inflation (%),Ahafo,Transport,All sources,2024-01,6.5,ok,
gss.cpi,Year-on-year inflation (%),Ahafo,Transport,All sources,2024-02,2.9,ok,
gss.cpi,Year-on-year inflation (%),Ahafo,Transport,All sources,2024-03,5.0,ok,
gss.cpi,Year-on-year inflation (%),Ahafo,Transport,All sources,2024-04,8.9,ok,
gss.cpi,Year-on-year inflation (%),Ahafo,Transport,All sources,2024-05,22.5,ok,
gss.cpi,Year-on-year inflation (%),Ahafo,Transport,All sources,2024-06,21.5,ok,
gss.cpi,Year-on-year inflation (%),Ahafo,Transport,All sources,2024-07,20.1,ok,
gss.cpi,Year-on-year inflation (%),Ahafo,Transport,All sources,2024-08,21.3,ok,
gss.cpi,Year-on-year inflation (%),Ahafo,Transport,All sources,2024-09,18.8,ok,
gss.cpi,Year-on-year inflation (%),Ahafo,Transport,All sources,2024-10,18.4,ok,
gss.cpi,Year-on-year inflation (%),Ahafo,Transport,All sources,2024-11,19.6,ok,
gss.cpi,Year-on-year inflation (%),Ahafo,Transport,All sources,2024-12,20.1,ok,
gss.cpi,Year-on-year inflation (%),Ahafo,Transport,All sources,2025-01,20.9,ok,
gss.cpi,Year-on-year inflation (%),Ahafo,Transport,All sources,2025-02,22.1,ok,
gss.cpi,Year-on-year inflation (%),Ahafo,Transport,All sources,2025-03,21.1,ok,
gss.cpi,Year-on-year inflation (%),Ahafo,Transport,All sources,2025-04,20.0,ok,
gss.cpi,Year-on-year inflation (%),Ahafo,Transport,All sources,2025-05,4.3,ok,
gss.cpi,Year-on-year inflation (%),Ahafo,Transport,All sources,2025-06,-7.6,ok,
gss.cpi,Year-on-year inflation (%),Ahafo,Transport,All sources,2025-07,-8.0,ok,
gss.cpi,Year-on-year inflation (%),Ahafo,Transport,All sources,2025-08,-4.6,ok,
gss.cpi,Year-on-year inflation (%),Ahafo,Transport,All sources,2025-09,-3.4,ok,
gss.cpi,Year-on-year inflation (%),Ahafo,Transport,All sources,2025-10,-2.2,ok,
gss.cpi,Year-on-year inflation (%),Ahafo,Transport,All sources,2025-11,-2.8,ok,
gss.cpi,Year-on-year inflation (%),Ahafo,Transport,All sources,2025-12,-5.1,ok,
gss.cpi,Year-on-year inflation (%),Ahafo,Transport,All sources,2026-01,-7.2,ok,
